24 0.789412 0.416361 0.234093 0.159089
24 0.68741 0.27007 0.186044 0.142895
24 0.220392 0.198933 0.184474 0.128244
24 0.649289 0.654232 0.195464 0.172867
24 0.296316 0.401737 0.180247 0.136804
24 0.41589 0.537095 0.249329 0.195503
24 0.471138 0.388178 0.213119 0.163636
24 0.848246 0.790649 0.249772 0.157413
24 0.706279 0.0828065 0.191132 0.145778
24 0.122542 0.573083 0.202885 0.136612
24 0.899019 0.626538 0.200628 0.158315
24 0.161553 0.304806 0.17961 0.121942
24 0.476485 0.256807 0.193702 0.128305
24 0.236324 0.948246 0.246538 0.103508
24 0.5161 0.928873 0.241405 0.142254
