22 0.211811 0.724593 0.122763 0.0754398
22 0.497174 0.804904 0.118373 0.0804283
22 0.767334 0.713192 0.13168 0.079576
22 0.390577 0.722991 0.100002 0.0749156
22 0.643881 0.627634 0.124097 0.070442
22 0.633442 0.733807 0.106602 0.0848181
22 0.360973 0.562162 0.0984198 0.0685089
22 0.715024 0.949061 0.112272 0.0710052
22 0.900975 0.723839 0.0932421 0.0697836
22 0.125607 0.621037 0.0977261 0.0667572
22 0.275963 0.468702 0.0948078 0.0632461
22 0.504544 0.877729 0.113908 0.0820511
22 0.451343 0.551313 0.0964802 0.0662879
22 0.782496 0.859487 0.145015 0.0932743
22 0.95589 0.606301 0.0882203 0.0661757
22 0.229821 0.593953 0.0896041 0.074938
22 0.513618 0.671305 0.110243 0.071417
22 0.253246 0.644183 0.108642 0.071157
22 0.0391876 0.691575 0.0783751 0.0709264
22 0.52402 0.608102 0.103427 0.0760141
22 0.784893 0.598246 0.100656 0.0623608
