24 0.346932 0.310758 0.204072 0.155064
24 0.597307 0.850838 0.239562 0.175515
24 0.473363 0.461354 0.245947 0.17667
24 0.828914 0.372048 0.210064 0.156591
24 0.317369 0.104998 0.223028 0.159482
24 0.653599 0.304531 0.200756 0.15869
24 0.126086 0.46848 0.252172 0.176736
24 0.366568 0.743091 0.210912 0.204846
24 0.115144 0.324433 0.225265 0.138707
24 0.573862 0.0620625 0.193486 0.124125
24 0.842684 0.756054 0.299808 0.211026
24 0.713623 0.530971 0.209007 0.162345
24 0.647106 0.663003 0.223515 0.167292
24 0.502137 0.272682 0.165082 0.153238
24 0.131314 0.643051 0.262628 0.223907
24 0.833875 0.920816 0.313523 0.158368
24 0.874748 0.505631 0.200222 0.145321
24 0.956874 0.601997 0.0862515 0.161383
24 0.957926 0.422867 0.0841474 0.174388
