26 0.772351 0.500191 0.263882 0.245464
26 0.205003 0.877844 0.281928 0.223025
26 0.172533 0.706113 0.316018 0.167602
26 0.216567 0.402137 0.26432 0.177268
26 0.0934871 0.169956 0.184146 0.153215
26 0.170979 0.559815 0.281919 0.175302
26 0.317413 0.153059 0.232925 0.192717
26 0.429317 0.404401 0.21011 0.203794
26 0.410173 0.574437 0.2384 0.181507
26 0.476035 0.891674 0.271513 0.216653
26 0.662955 0.822439 0.256632 0.223715
26 0.660127 0.35139 0.327739 0.147421
26 0.821668 0.0835702 0.201234 0.163028
26 0.584913 0.0875061 0.223408 0.172131
26 0.694708 0.233751 0.21573 0.130327
