26 0.281047 0.532942 0.26598 0.238023
26 0.116646 0.770273 0.233291 0.218468
26 0.789942 0.619425 0.329 0.176865
26 0.359462 0.741013 0.319293 0.258555
26 0.753721 0.358889 0.282081 0.180012
26 0.665801 0.808096 0.272276 0.197218
26 0.369836 0.172234 0.222686 0.188997
26 0.408167 0.365958 0.278014 0.157432
26 0.524436 0.576531 0.189535 0.163019
26 0.87624 0.146866 0.246419 0.204868
26 0.903605 0.460769 0.192278 0.177988
26 0.447118 0.0685791 0.204821 0.137109
26 0.178229 0.0380212 0.198779 0.0758965
26 0.624324 0.14022 0.260704 0.160168
26 0.0612734 0.257765 0.122547 0.170772
26 0.554892 0.256887 0.218643 0.209064
