26 0.12922 0.655346 0.234202 0.184701
26 0.369848 0.507226 0.196282 0.11861
26 0.193789 0.283113 0.183577 0.158129
26 0.461171 0.65895 0.17834 0.134987
26 0.609069 0.458824 0.162554 0.131356
26 0.292416 0.730874 0.201894 0.13742
26 0.145736 0.854043 0.181199 0.149739
26 0.846563 0.647538 0.201387 0.129476
26 0.523382 0.261338 0.168794 0.120287
26 0.660894 0.808705 0.197995 0.134561
26 0.846243 0.438961 0.148593 0.151865
26 0.439378 0.7813 0.185992 0.148641
26 0.772738 0.104663 0.140512 0.139923
26 0.184719 0.16901 0.188134 0.126459
26 0.65679 0.30722 0.155611 0.116462
26 0.156952 0.523142 0.166421 0.125797
