21 0.512496 0.401493 0.192504 0.159953
21 0.406528 0.710682 0.190016 0.143071
21 0.740263 0.786741 0.220347 0.186171
21 0.117364 0.0569099 0.141307 0.113583
21 0.0985672 0.59625 0.197134 0.177622
21 0.564704 0.730234 0.194846 0.165779
21 0.598866 0.17379 0.146638 0.127944
21 0.830848 0.235667 0.184608 0.135492
21 0.460748 0.810857 0.175328 0.128508
21 0.748128 0.398294 0.226 0.171968
21 0.902741 0.474012 0.151969 0.121904
21 0.330034 0.412012 0.218745 0.169174
21 0.905129 0.827727 0.147749 0.109363
21 0.0936326 0.233015 0.187107 0.170985
21 0.609893 0.929563 0.218163 0.14083
21 0.952185 0.718805 0.0952984 0.197432
