26 0.502578 0.358316 0.185102 0.165064
26 0.701947 0.482278 0.191427 0.14723
26 0.659849 0.237675 0.179185 0.155245
26 0.361759 0.180248 0.192137 0.155707
26 0.454675 0.489003 0.224539 0.140057
26 0.664479 0.692237 0.221163 0.161999
26 0.0783868 0.815038 0.156774 0.217636
26 0.1267 0.651459 0.20311 0.139632
26 0.0792986 0.227514 0.158032 0.131723
26 0.103293 0.527231 0.206586 0.144122
26 0.82119 0.678815 0.181058 0.173651
26 0.277757 0.538089 0.208098 0.148631
26 0.478949 0.725408 0.240653 0.161226
26 0.342378 0.330928 0.175179 0.166654
26 0.651045 0.834252 0.22858 0.165972
26 0.917298 0.636277 0.165404 0.124046
26 0.0854471 0.947452 0.170852 0.104917
