17 0.448483 0.56201 0.236192 0.14042
17 0.780152 0.810473 0.262043 0.180216
17 0.384402 0.138128 0.153462 0.166978
17 0.407372 0.411337 0.229794 0.181757
17 0.500296 0.836407 0.185974 0.180652
17 0.33375 0.661988 0.256869 0.156425
17 0.667835 0.584315 0.218116 0.147396
17 0.605211 0.239371 0.170095 0.158865
17 0.695827 0.0932504 0.160536 0.144854
17 0.0629322 0.572229 0.125864 0.145099
17 0.592832 0.698815 0.184556 0.190628
17 0.289462 0.811586 0.264125 0.194501
17 0.0533336 0.938771 0.106667 0.122387
17 0.576269 0.47418 0.184054 0.119121
17 0.264065 0.19839 0.203694 0.130247
17 0.894435 0.415069 0.17654 0.118684
17 0.93401 0.568429 0.13198 0.146424
17 0.91492 0.926544 0.169935 0.146912
17 0.721087 0.31266 0.167713 0.133819
17 0.441618 0.0186116 0.174512 0.0370213
17 0.853684 0.241153 0.190157 0.15987
