31 0.667552 0.0977055 0.308353 0.194833
31 0.866172 0.766843 0.267657 0.292662
31 0.15538 0.468033 0.31076 0.21657
31 0.700329 0.284875 0.300445 0.224401
31 0.438029 0.193886 0.320853 0.207435
31 0.77057 0.584567 0.320294 0.268362
31 0.502596 0.433411 0.325286 0.271555
31 0.332608 0.892037 0.426151 0.215867
31 0.67184 0.889978 0.329591 0.219855
31 0.330249 0.064949 0.320472 0.129898
31 0.340761 0.618116 0.356005 0.211766
31 0.903371 0.238561 0.193238 0.260987
31 0.106626 0.647508 0.213251 0.23921
31 0.956411 0.540937 0.0871772 0.25657
31 0.0381552 0.334526 0.0761267 0.202705
