21 0.462136 0.345635 0.205127 0.141101
21 0.511392 0.823935 0.223719 0.162458
21 0.528702 0.52336 0.196334 0.13824
21 0.263159 0.457465 0.215948 0.141814
21 0.772561 0.763239 0.229548 0.158875
21 0.217365 0.653774 0.222476 0.179974
21 0.434631 0.696692 0.255591 0.184277
21 0.328583 0.815506 0.187319 0.127599
21 0.499311 0.0636206 0.203887 0.127241
21 0.266564 0.0564068 0.159605 0.112814
21 0.927429 0.54633 0.144977 0.125715
21 0.613299 0.146709 0.177149 0.146934
21 0.94257 0.801135 0.114691 0.146821
21 0.730766 0.340468 0.196165 0.159135
21 0.933594 0.648637 0.13245 0.126704
21 0.774774 0.878582 0.198397 0.150871
21 0.911721 0.875688 0.175913 0.165724
21 0.0896674 0.263167 0.148675 0.10506
21 0.392908 0.0355021 0.194629 0.0710042
21 0.864829 0.0616171 0.252431 0.123144
21 0.905144 0.722202 0.181488 0.137264
21 0.969732 0.261767 0.0605353 0.188876
21 0.618128 0.918346 0.221739 0.163308
