26 0.161369 0.306249 0.319771 0.269433
26 0.15697 0.742397 0.280615 0.166296
26 0.851132 0.769056 0.297674 0.201478
26 0.651697 0.62583 0.230355 0.194292
26 0.458741 0.589154 0.232679 0.201337
26 0.633365 0.32139 0.256908 0.174528
26 0.905112 0.471404 0.189777 0.159546
26 0.248447 0.540752 0.238452 0.183449
26 0.452888 0.0652483 0.264551 0.130497
26 0.393898 0.802333 0.250229 0.222753
26 0.430213 0.434429 0.258885 0.151612
26 0.129236 0.0375771 0.212975 0.0750759
26 0.0457871 0.914657 0.0915741 0.170687
26 0.629285 0.854113 0.300444 0.250604
