26 0.583659 0.492491 0.258903 0.230174
26 0.815248 0.350425 0.242011 0.227524
26 0.822019 0.570667 0.352949 0.227171
26 0.253714 0.580555 0.258826 0.180818
26 0.134826 0.175441 0.25021 0.183834
26 0.476037 0.351252 0.301671 0.139655
26 0.26591 0.414214 0.224478 0.196062
26 0.400907 0.0962923 0.226101 0.161457
26 0.10432 0.885768 0.20864 0.215981
26 0.511531 0.807032 0.254647 0.212621
26 0.716096 0.757769 0.229723 0.222824
26 0.642299 0.0852926 0.189143 0.158726
26 0.502181 0.241097 0.201223 0.120189
