31 0.84049 0.770552 0.314255 0.237199
31 0.284432 0.88661 0.320967 0.22648
31 0.587326 0.32297 0.227639 0.183649
31 0.568636 0.536399 0.248044 0.200421
31 0.110821 0.282795 0.220681 0.18084
31 0.89427 0.40757 0.21146 0.180521
31 0.51014 0.784017 0.315871 0.229702
31 0.800011 0.123438 0.260299 0.185797
31 0.200768 0.143459 0.237811 0.181569
31 0.299719 0.336485 0.232059 0.175428
31 0.549291 0.171201 0.228285 0.175327
31 0.785675 0.285924 0.240467 0.18326
31 0.787124 0.558893 0.261277 0.185354
31 0.141587 0.679219 0.267314 0.205261
31 0.153628 0.440104 0.25428 0.189135
31 0.0902158 0.835974 0.180432 0.228759
31 0.294127 0.546951 0.262208 0.17749
