31 0.141197 0.622034 0.282394 0.199403
31 0.557265 0.72075 0.277291 0.21797
31 0.564116 0.268907 0.236867 0.176341
31 0.381034 0.279554 0.23581 0.187095
31 0.766078 0.205705 0.23432 0.189473
31 0.552857 0.413377 0.214925 0.158361
31 0.751817 0.367697 0.24714 0.184422
31 0.903576 0.312981 0.192848 0.169102
31 0.756877 0.832396 0.311216 0.229042
31 0.376234 0.561719 0.219649 0.148253
31 0.830624 0.50959 0.250336 0.167788
31 0.33503 0.894491 0.336829 0.210712
31 0.172077 0.216522 0.256378 0.184906
31 0.20635 0.384258 0.283135 0.202306
31 0.0784234 0.442599 0.156847 0.213036
31 0.361372 0.723654 0.231427 0.180056
31 0.885808 0.102871 0.224633 0.183361
31 0.591863 0.925992 0.323169 0.147801
31 0.30126 0.0511412 0.242526 0.102282
