26 0.700043 0.503690 0.214769 0.137882
26 0.583515 0.579186 0.094857 0.076412
26 0.674858 0.591483 0.099687 0.078169
26 0.604155 0.688535 0.098370 0.064994
26 0.909365 0.655599 0.092661 0.078169
26 0.814508 0.480816 0.087830 0.065873
26 0.818461 0.558546 0.114619 0.063238
26 0.482510 0.468520 0.086513 0.051820
26 0.718334 0.383325 0.071582 0.065873
26 0.552774 0.847947 0.098370 0.104518
26 0.681445 0.783831 0.100566 0.074656
26 0.779376 0.773291 0.090026 0.074656
26 0.458795 0.738598 0.096174 0.073778
26 0.488219 0.634959 0.089148 0.070264
26 0.471092 0.574795 0.094857 0.064116
26 0.657292 0.525171 0.094857 0.068508
26 0.697255 0.483890 0.097053 0.061481
26 0.549261 0.405721 0.075095 0.049185