5 0.700775 0.552561 0.263596 0.340193
24 0.661186 0.259471 0.122821 0.094056
24 0.773962 0.413339 0.104558 0.102275
24 0.853408 0.276821 0.142454 0.094056
24 0.790856 0.190983 0.104558 0.081272
24 0.515536 0.148977 0.102275 0.075793
24 0.458463 0.369964 0.119168 0.081272
24 0.915503 0.399185 0.115516 0.090403
24 0.884455 0.495524 0.141084 0.098622
24 0.668035 0.184591 0.116885 0.073966
24 0.634248 0.347591 0.135149 0.120538
24 0.561194 0.268146 0.098622 0.074880
24 0.799531 0.082773 0.116885 0.082185
24 0.683559 0.575883 0.136518 0.085838