35 0.524940 0.200871 0.150979 0.261853
35 0.442374 0.512854 0.165133 0.404575
35 0.236548 0.220923 0.149209 0.384524
35 0.636995 0.580087 0.195211 0.336163
24 0.265832 0.790560 0.256743 0.224650
24 0.566395 0.741804 0.294391 0.255509
24 0.709578 0.554184 0.261681 0.203666
24 0.497889 0.365329 0.161082 0.122200
24 0.337424 0.376438 0.192557 0.149355
24 0.336807 0.497404 0.240080 0.161699
24 0.500357 0.214740 0.212307 0.139481
24 0.778702 0.304229 0.215393 0.157996
24 0.280645 0.173389 0.151207 0.106153
24 0.446046 0.619604 0.225267 0.156761