24 0.602295 0.556233 0.106227 0.092949
24 0.497728 0.426769 0.127390 0.097928
24 0.663293 0.430503 0.126145 0.088799
24 0.610179 0.356642 0.117431 0.082160
24 0.757901 0.366186 0.104982 0.079670
24 0.842966 0.396892 0.104982 0.089629
24 0.815994 0.685282 0.159341 0.136933
24 0.545862 0.711009 0.132784 0.093779
24 0.705618 0.615156 0.120750 0.078011
24 0.739644 0.533826 0.117431 0.081330
24 0.484034 0.513908 0.139423 0.102908
26 0.642649 0.259317 0.238585 0.147388
26 0.521975 0.376307 0.264839 0.155218