8 0.689062 0.476059 0.145482 0.336151
8 0.556255 0.540534 0.205548 0.290964
8 0.579951 0.203281 0.244123 0.149890
8 0.827931 0.148174 0.126195 0.187363
26 0.309786 0.595812 0.222405 0.184841
26 0.157740 0.291720 0.173512 0.132370
26 0.272818 0.833720 0.231945 0.176493
26 0.497012 0.644110 0.267124 0.174108
26 0.486279 0.470002 0.197362 0.171723
26 0.432019 0.780057 0.184244 0.183648
26 0.243601 0.384737 0.176493 0.132370
26 0.212596 0.479542 0.251025 0.114482
26 0.601357 0.389507 0.214654 0.125215