10 0.397245 0.609841 0.530672 0.190366
10 0.422832 0.180493 0.256381 0.125887
10 0.174127 0.194822 0.332629 0.244611
24 0.506852 0.508789 0.148712 0.105442
24 0.721714 0.560018 0.151199 0.108426
24 0.536694 0.612739 0.176565 0.128320
24 0.474026 0.730117 0.171094 0.128320
24 0.442195 0.327251 0.109918 0.088531
24 0.334763 0.309346 0.115389 0.094500
24 0.730170 0.422745 0.099473 0.098478
24 0.494915 0.394395 0.103452 0.073610
24 0.397929 0.583892 0.124839 0.086542
24 0.391961 0.491382 0.115389 0.080573
24 0.705799 0.763441 0.169602 0.117378
24 0.737630 0.340680 0.108923 0.077589