21 0.367632 0.368348 0.101244 0.075080
21 0.267525 0.373657 0.083043 0.070530
21 0.289518 0.512062 0.086835 0.074322
21 0.373699 0.536330 0.095177 0.080389
21 0.504141 0.511304 0.105036 0.091006
21 0.316062 0.613306 0.103140 0.076597
21 0.390762 0.651226 0.091006 0.078114
21 0.452950 0.287201 0.094040 0.075080
21 0.454088 0.411576 0.067875 0.052329
21 0.552911 0.552524 0.166661 0.120184
21 0.412540 0.576937 0.171356 0.125818
21 0.706427 0.401825 0.155394 0.123001
21 0.495166 0.409337 0.166661 0.106100
21 0.511128 0.185870 0.152577 0.102344
21 0.593755 0.253004 0.127695 0.101405