24 0.650127 0.508559 0.085354 0.074685
24 0.566107 0.404534 0.102358 0.078686
24 0.699139 0.407535 0.101358 0.071350
24 0.656462 0.348187 0.094356 0.066016
24 0.775157 0.355856 0.084354 0.064015
24 0.843507 0.380528 0.084354 0.072017
24 0.821835 0.612251 0.128031 0.110026
24 0.604783 0.632922 0.106692 0.075351
24 0.733147 0.555904 0.097023 0.062682
24 0.760487 0.490555 0.094356 0.065349
24 0.555104 0.474551 0.112027 0.082686
22 0.602719 0.503434 0.332011 0.260401
22 0.610449 0.565686 0.180246 0.095209