26 0.069474 0.725749 0.104217 0.066158
26 0.231669 0.757405 0.098526 0.061179
26 0.147014 0.674885 0.087144 0.055488
26 0.246608 0.645363 0.081453 0.080386
26 0.338731 0.702985 0.087144 0.067581
26 0.152705 0.811826 0.112042 0.070427
26 0.076588 0.778747 0.097815 0.064024
26 0.321302 0.799021 0.101372 0.071849
26 0.315611 0.592721 0.076829 0.066158
26 0.179738 0.565333 0.089990 0.072561
26 0.315967 0.861978 0.113821 0.071138
26 0.405245 0.627223 0.083587 0.058333
26 0.337664 0.653188 0.087144 0.054776
26 0.055958 0.587741 0.077540 0.060467
23 0.556185 0.459017 0.362904 0.469858