21 0.221280 0.299464 0.113409 0.078576
21 0.309982 0.328626 0.102473 0.085057
21 0.394634 0.330651 0.110169 0.093968
21 0.392609 0.409228 0.101663 0.081007
21 0.196572 0.586632 0.113409 0.090728
21 0.219254 0.374800 0.137306 0.093158
21 0.153653 0.712517 0.086461 0.050223
21 0.238206 0.665154 0.084871 0.059760
21 0.225173 0.806924 0.104261 0.078832
21 0.358997 0.833307 0.087414 0.065481
21 0.253146 0.553264 0.083918 0.053402
21 0.138395 0.790077 0.084871 0.066753
21 0.183214 0.857465 0.072792 0.051495
21 0.255689 0.857465 0.085507 0.065481
21 0.359632 0.880988 0.088050 0.065481
21 0.348507 0.663565 0.091547 0.065481
21 0.297648 0.584733 0.072792 0.055309