26 0.287006 0.331748 0.196280 0.117655
26 0.539285 0.327223 0.194583 0.126705
26 0.247411 0.608915 0.238137 0.199108
26 0.477629 0.658692 0.182704 0.140280
26 0.568133 0.516149 0.224562 0.119917
26 0.262118 0.192599 0.149331 0.138018
26 0.371288 0.485604 0.135755 0.122180
26 0.672777 0.394535 0.169128 0.134624
26 0.190280 0.455625 0.205330 0.166300
26 0.400136 0.251426 0.165735 0.153856
26 0.336645 0.345590 0.140976 0.109371
26 0.474425 0.374353 0.162992 0.107241
26 0.458445 0.270663 0.115408 0.101559
26 0.305751 0.225210 0.104045 0.071731
26 0.334159 0.500414 0.124996 0.096588
26 0.610784 0.521721 0.119314 0.103690
26 0.432878 0.464904 0.104045 0.107951
26 0.563555 0.326414 0.077767 0.076702
26 0.537278 0.230182 0.129612 0.073151