1 0.665478 0.453078 0.188258 0.230265
1 0.719414 0.194288 0.262938 0.131728
1 0.563829 0.521535 0.233896 0.240638
1 0.381276 0.444261 0.180997 0.189813
1 0.761940 0.651189 0.248936 0.178404
31 0.371992 0.541796 0.211666 0.149195
31 0.182375 0.609411 0.232244 0.144785
31 0.138645 0.340052 0.148828 0.092604
31 0.213243 0.399950 0.146990 0.100688
31 0.111085 0.481162 0.151032 0.113182
31 0.240436 0.487777 0.160587 0.114652
31 0.394041 0.409505 0.169406 0.128616
31 0.354721 0.654978 0.173448 0.138906