17 0.664167 0.450451 0.211053 0.177600
17 0.288895 0.549591 0.180033 0.135025
17 0.554079 0.667585 0.233557 0.139891
17 0.504813 0.799569 0.241464 0.180033
17 0.782770 0.732665 0.175168 0.189765
17 0.680589 0.589125 0.207403 0.131376
17 0.447032 0.358609 0.152663 0.127726
17 0.282204 0.317858 0.196455 0.104614
17 0.564419 0.242439 0.189765 0.107047
17 0.208609 0.760035 0.187940 0.144757
17 0.217733 0.879855 0.231732 0.119211
17 0.225031 0.440719 0.123469 0.090017
23 0.362378 0.635117 0.256884 0.345200