21 0.588848 0.246053 0.089703 0.052107
21 0.676573 0.196914 0.088054 0.062001
21 0.663052 0.344001 0.108172 0.081788
21 0.801894 0.371374 0.090693 0.067937
21 0.692073 0.080827 0.087065 0.055405
21 0.573018 0.326522 0.088054 0.069256
21 0.619519 0.396438 0.075522 0.053426
21 0.694712 0.396438 0.088714 0.067937
21 0.802553 0.420842 0.091352 0.067937
21 0.791011 0.195265 0.094980 0.067937
21 0.738244 0.113477 0.075522 0.057384
10 0.510610 0.724561 0.344355 0.460388
10 0.673430 0.322189 0.583906 0.331878
10 0.677173 0.596051 0.287586 0.383033