11 0.471827 0.664276 0.649903 0.518224
26 0.318960 0.533893 0.108901 0.087726
26 0.423827 0.548010 0.114447 0.089742
26 0.342656 0.659432 0.112934 0.074617
26 0.693054 0.621619 0.106380 0.089742
26 0.584153 0.420959 0.100834 0.075626
26 0.588691 0.510197 0.131588 0.072600
26 0.203001 0.406843 0.099321 0.059492
26 0.473740 0.309034 0.082180 0.075626
26 0.283668 0.842446 0.112934 0.119992
26 0.431390 0.768837 0.115455 0.085709
26 0.543820 0.756737 0.103355 0.085709
26 0.175775 0.716907 0.110413 0.084701
26 0.209555 0.597923 0.102347 0.080667
26 0.189892 0.528852 0.108901 0.073609
26 0.403660 0.471881 0.108901 0.078651
26 0.449540 0.424489 0.111422 0.070584
26 0.279635 0.334746 0.086213 0.056467