0 0.571213 0.616877 0.368292 0.383469
26 0.811416 0.483540 0.186206 0.264322
26 0.901794 0.296426 0.116265 0.157140
26 0.783712 0.286889 0.113540 0.126711
31 0.588423 0.191515 0.077207 0.127619
31 0.563444 0.375450 0.082657 0.153506
31 0.469433 0.531682 0.094466 0.156231
31 0.551636 0.533498 0.085836 0.163952
31 0.625664 0.355921 0.067216 0.137157
31 0.677893 0.403154 0.078116 0.143969
31 0.519390 0.196511 0.064037 0.117174
31 0.470341 0.361371 0.080387 0.140336
26 0.705596 0.097049 0.054045 0.109907
26 0.843207 0.202415 0.120353 0.175306