9 0.299099 0.519856 0.195080 0.131243
9 0.306241 0.663599 0.233471 0.197312
9 0.558461 0.645742 0.249988 0.190169
9 0.507571 0.501553 0.195080 0.139279
9 0.473644 0.400665 0.170081 0.110709
9 0.296867 0.414504 0.164278 0.116958
9 0.625868 0.381023 0.153564 0.130351
9 0.750275 0.247816 0.190867 0.134507
9 0.655552 0.345855 0.180447 0.139243
9 0.540463 0.450524 0.208390 0.147768
9 0.430111 0.565612 0.219757 0.154398
9 0.678759 0.524407 0.194656 0.138295
9 0.582141 0.635707 0.200813 0.131665
9 0.344387 0.204717 0.153925 0.135454
9 0.443846 0.146463 0.161503 0.102301
9 0.786269 0.417844 0.174290 0.135454