17 0.691937 0.702478 0.155288 0.143272
31 0.430495 0.222657 0.155925 0.119790
31 0.666114 0.262257 0.146520 0.119790
31 0.843324 0.246417 0.171765 0.129690
31 0.636909 0.519162 0.172755 0.138600
31 0.383965 0.419172 0.155430 0.132660
31 0.453265 0.503322 0.183645 0.122760
31 0.586914 0.687956 0.204435 0.169290
31 0.810654 0.698846 0.219285 0.161370
31 0.824514 0.352347 0.170280 0.123750
31 0.682944 0.367692 0.151965 0.118800
31 0.490885 0.356307 0.163845 0.111870
31 0.401290 0.732011 0.190080 0.118800
31 0.787389 0.541932 0.175725 0.140580