24 0.466268 0.485205 0.447547 0.253671
24 0.584950 0.245577 0.252765 0.212902
24 0.328561 0.241953 0.248235 0.196595
21 0.337637 0.474125 0.138086 0.100097
21 0.686168 0.484376 0.132056 0.106127
21 0.461251 0.466889 0.170647 0.114569
21 0.516726 0.633919 0.185119 0.125423
21 0.666269 0.624874 0.178486 0.141101
21 0.340049 0.112329 0.142910 0.112157
21 0.533610 0.172025 0.144719 0.101303
21 0.535419 0.102681 0.170647 0.090449
21 0.768175 0.420459 0.151352 0.098891
21 0.607779 0.347496 0.167030 0.116981