26 0.653653 0.656016 0.105489 0.091172
26 0.784383 0.680505 0.151828 0.096447
26 0.529703 0.603649 0.142786 0.122065
26 0.543266 0.718556 0.195907 0.122819
26 0.710918 0.863979 0.137512 0.112270
26 0.704890 0.763765 0.137512 0.091172
26 0.802090 0.561830 0.142786 0.112270
26 0.624643 0.550151 0.143540 0.091926
26 0.861616 0.759998 0.113400 0.109256
9 0.323714 0.521722 0.321934 0.237327
9 0.596161 0.465849 0.251162 0.244776
9 0.300301 0.340800 0.252758 0.167086
9 0.585518 0.286523 0.272447 0.179857