26 0.224810 0.711542 0.186337 0.170516
26 0.277547 0.505868 0.174471 0.123053
26 0.567599 0.418852 0.215782 0.135358
26 0.515302 0.542344 0.265882 0.155574
26 0.357092 0.623207 0.198203 0.120416
24 0.536298 0.273871 0.126837 0.089268
24 0.702953 0.294101 0.146425 0.101470
24 0.548501 0.436673 0.116562 0.092479
24 0.600199 0.132263 0.100185 0.086057
24 0.596346 0.205154 0.113030 0.068717
24 0.761716 0.194879 0.097617 0.071286
24 0.676301 0.422223 0.134544 0.102112
24 0.606300 0.320111 0.103718 0.068717
24 0.498408 0.338735 0.089910 0.067433