10 0.377367 0.408916 0.435453 0.486430
24 0.205589 0.469830 0.142631 0.102930
24 0.433014 0.738427 0.171059 0.142141
24 0.410468 0.413954 0.111262 0.093127
24 0.131087 0.390917 0.126947 0.090186
24 0.294304 0.673238 0.129397 0.098028
24 0.158535 0.627655 0.119104 0.108811
24 0.126186 0.818320 0.138710 0.109792
24 0.590349 0.607069 0.164687 0.118614
24 0.550648 0.526196 0.150473 0.080383
24 0.533493 0.429638 0.131848 0.104890
24 0.623679 0.394348 0.098028 0.081363
24 0.313910 0.381114 0.121555 0.088225