26 0.423602 0.481213 0.109953 0.077318
26 0.452220 0.603718 0.113969 0.077318
26 0.807683 0.552507 0.123006 0.097401
26 0.689196 0.446571 0.118990 0.072298
26 0.682167 0.359713 0.109953 0.075310
26 0.303609 0.360215 0.100413 0.058240
26 0.550123 0.713168 0.124512 0.087360
26 0.814210 0.704633 0.150620 0.080331
26 0.529538 0.491757 0.123006 0.090372
26 0.568197 0.257794 0.085853 0.082339
26 0.406030 0.664970 0.112463 0.107442
26 0.408038 0.790988 0.132546 0.106438
26 0.550625 0.371261 0.120496 0.068281
26 0.497908 0.413937 0.116479 0.075310
26 0.377412 0.288922 0.078824 0.066273
26 0.705696 0.348209 0.201794 0.120218