26 0.224102 0.580819 0.119013 0.083689
26 0.255078 0.713417 0.123360 0.083689
26 0.639831 0.657987 0.133142 0.105427
26 0.511580 0.543322 0.128794 0.078255
26 0.503972 0.449307 0.119013 0.081515
26 0.094221 0.449851 0.108687 0.063039
26 0.361048 0.831886 0.134772 0.094558
26 0.646895 0.822648 0.163031 0.086950
26 0.338767 0.592231 0.133142 0.097818
26 0.380612 0.338990 0.092928 0.089124
26 0.205082 0.779717 0.121730 0.116295
26 0.207255 0.916119 0.143467 0.115208
26 0.361591 0.461806 0.130425 0.073907
26 0.304531 0.507998 0.126077 0.081515
26 0.174106 0.372683 0.085319 0.071734
1 0.372202 0.493035 0.233764 0.417792
1 0.190662 0.333255 0.293449 0.626066