31 0.641352 0.238029 0.098958 0.076025
31 0.790888 0.263161 0.092989 0.076025
31 0.903354 0.253108 0.109010 0.082308
31 0.772353 0.426205 0.109639 0.087962
31 0.611822 0.362747 0.098643 0.084192
31 0.655803 0.416152 0.116550 0.077909
31 0.740624 0.533331 0.129744 0.107440
31 0.882620 0.540242 0.139169 0.102413
31 0.891416 0.320336 0.108068 0.078538
31 0.801569 0.330075 0.096444 0.075396
31 0.679678 0.322850 0.103984 0.070998
31 0.622817 0.561290 0.120634 0.075396
31 0.867855 0.440656 0.111524 0.089219
7 0.781136 0.477723 0.379977 0.162936
7 0.379393 0.486429 0.322141 0.123135