26 0.468656 0.576873 0.227794 0.165752
17 0.551677 0.349633 0.173205 0.145471
17 0.560573 0.478360 0.188380 0.120354
17 0.231954 0.441207 0.144948 0.106749
17 0.449115 0.543770 0.190997 0.121401
17 0.649007 0.610226 0.148088 0.164309
17 0.676218 0.419753 0.149134 0.118261
17 0.574702 0.237128 0.102039 0.081631
17 0.632262 0.277421 0.111458 0.099423
17 0.226198 0.240268 0.170066 0.096283
17 0.407776 0.665170 0.184194 0.142332
17 0.164451 0.622261 0.165879 0.129773
17 0.180150 0.344924 0.108842 0.073259
17 0.135148 0.463708 0.107272 0.116168