21 0.624358 0.576830 0.111255 0.079530
21 0.564819 0.635065 0.103867 0.087353
21 0.362300 0.436023 0.081703 0.058235
21 0.317103 0.476440 0.097783 0.068665
21 0.426619 0.449495 0.083876 0.066927
21 0.577857 0.502950 0.102563 0.071273
17 0.253067 0.526802 0.108641 0.076179
17 0.352618 0.630682 0.139805 0.093492
17 0.513200 0.588264 0.116432 0.072716
17 0.442215 0.463608 0.106044 0.095223
17 0.561677 0.329862 0.121193 0.082238
17 0.502379 0.671368 0.131581 0.109074
17 0.217574 0.683920 0.116432 0.094358
17 0.299813 0.309952 0.102582 0.089164
17 0.362141 0.396952 0.095656 0.069253