31 0.734828 0.480217 0.234393 0.164508
31 0.540634 0.371369 0.191102 0.124927
31 0.469512 0.476506 0.197905 0.129875
31 0.515896 0.741203 0.237485 0.181825
31 0.741631 0.692964 0.200997 0.171930
31 0.716274 0.273654 0.150284 0.110084
31 0.563517 0.202532 0.135441 0.084109
31 0.483736 0.248916 0.160179 0.105137
31 0.267278 0.422701 0.150284 0.111321
31 0.420036 0.581643 0.191102 0.119980
31 0.604953 0.589064 0.210892 0.142244
24 0.551351 0.236678 0.342134 0.216540
24 0.533546 0.467173 0.457141 0.316149