24 0.160040 0.705281 0.078863 0.086602
24 0.152669 0.826524 0.089182 0.100606
24 0.260277 0.687960 0.054541 0.078126
24 0.252906 0.611677 0.056015 0.071493
24 0.324768 0.658847 0.063754 0.076652
24 0.381520 0.658847 0.063385 0.087708
24 0.307816 0.817311 0.070387 0.091393
24 0.460751 0.759084 0.069650 0.088445
24 0.258803 0.765349 0.075915 0.094341
31 0.400356 0.283073 0.201059 0.147694
31 0.361546 0.471734 0.241486 0.162787
31 0.626749 0.485749 0.237174 0.195129
31 0.659630 0.292236 0.208605 0.161709
31 0.651544 0.158018 0.198363 0.136914
31 0.344297 0.121364 0.192434 0.123977
31 0.390114 0.621045 0.256040 0.196207