15 0.461661 0.657360 0.364417 0.165117
24 0.446179 0.418323 0.125329 0.091537
24 0.547982 0.561189 0.097098 0.096670
24 0.621126 0.432010 0.131317 0.101803
24 0.565092 0.355872 0.092393 0.081271
24 0.311012 0.323363 0.099237 0.071006
24 0.282353 0.377687 0.101375 0.065017
24 0.476977 0.716460 0.123190 0.095815
24 0.654063 0.632622 0.131317 0.088971
24 0.684005 0.543224 0.126612 0.082982
24 0.269093 0.526114 0.106936 0.077849
24 0.352503 0.425594 0.107364 0.071861
24 0.422653 0.502588 0.133456 0.109502
24 0.451312 0.348173 0.110786 0.067584
24 0.569797 0.263052 0.099237 0.066728