28 0.694515 0.530736 0.423242 0.257080
22 0.159372 0.740467 0.090906 0.054544
22 0.288913 0.737626 0.074429 0.053407
22 0.169031 0.647856 0.065339 0.055680
22 0.470726 0.665469 0.089202 0.049998
22 0.561632 0.728535 0.092611 0.055680
22 0.461635 0.742740 0.080111 0.065907
22 0.367888 0.795579 0.074429 0.055680
22 0.205393 0.554677 0.065339 0.046589
22 0.709922 0.653538 0.086361 0.044317
22 0.663333 0.734785 0.065339 0.054544
22 0.570154 0.831373 0.097156 0.068180
22 0.374706 0.847850 0.093747 0.057953
22 0.261641 0.622857 0.077270 0.044317
22 0.333798 0.612630 0.066475 0.051135