13 0.644989 0.649243 0.165255 0.123942
13 0.492932 0.831139 0.236981 0.136565
13 0.206030 0.733019 0.186486 0.135418
21 0.681003 0.675938 0.130149 0.092147
21 0.850499 0.728064 0.122750 0.087439
21 0.695464 0.579755 0.068942 0.066588
21 0.623495 0.585136 0.083403 0.070623
21 0.752299 0.775147 0.087775 0.073986
21 0.679994 0.891844 0.122750 0.093492
21 0.829312 0.941953 0.103917 0.055154
21 0.902626 0.798688 0.090465 0.075332
21 0.825949 0.801378 0.105935 0.082058
21 0.673268 0.771447 0.093156 0.073314
21 0.783575 0.617757 0.082394 0.068606