8 0.335707 0.114577 0.084852 0.154343
8 0.328758 0.223568 0.108260 0.155806
8 0.394226 0.107262 0.067297 0.163121
31 0.297393 0.332869 0.114411 0.099077
31 0.398436 0.361570 0.119522 0.088855
31 0.326094 0.412288 0.121488 0.092787
31 0.391359 0.463792 0.117556 0.085710
31 0.316265 0.526305 0.126992 0.095932
31 0.523855 0.460254 0.116376 0.102223
31 0.631975 0.472049 0.135248 0.091214
31 0.522282 0.286082 0.108906 0.084137
31 0.347718 0.271929 0.118342 0.080992
31 0.495154 0.577023 0.155300 0.103009
31 0.651240 0.573092 0.138394 0.104581
31 0.385461 0.626169 0.147829 0.106940
31 0.539188 0.358818 0.108906 0.086496
31 0.640625 0.343484 0.127778 0.088855
31 0.644949 0.261313 0.121488 0.089641