1 0.452952 0.279166 0.152074 0.175307
1 0.220617 0.448137 0.163162 0.166858
1 0.466153 0.422791 0.195900 0.185868
1 0.369523 0.126565 0.124088 0.153130
1 0.590240 0.164055 0.206989 0.166858
1 0.686342 0.345171 0.222302 0.127784
1 0.424438 0.584898 0.118279 0.184812
1 0.300878 0.605491 0.152074 0.149961
22 0.171755 0.694566 0.090800 0.054480
22 0.301145 0.691728 0.074343 0.053345
22 0.181403 0.602063 0.065263 0.055615
22 0.482746 0.619656 0.089098 0.049940
22 0.573546 0.682648 0.092503 0.055615
22 0.473666 0.696836 0.080018 0.065830
22 0.380028 0.749613 0.074343 0.055615
22 0.217723 0.508993 0.065263 0.046535
22 0.721664 0.607738 0.086260 0.044265
22 0.675129 0.688891 0.065263 0.054480
22 0.582058 0.785366 0.097043 0.068100
22 0.386838 0.801824 0.093638 0.057885
22 0.273905 0.577093 0.077180 0.044265
22 0.345978 0.566878 0.066398 0.051075