23 0.434911 0.702628 0.358639 0.457154
17 0.784817 0.550699 0.193009 0.162417
17 0.441629 0.641363 0.164642 0.123481
17 0.684141 0.749270 0.213589 0.127931
17 0.639087 0.869970 0.220820 0.164642
17 0.893281 0.808786 0.160192 0.173541
17 0.799835 0.677517 0.189672 0.120144
17 0.586246 0.466709 0.139612 0.116807
17 0.435510 0.429443 0.179660 0.095670
17 0.693597 0.360471 0.173541 0.097895
17 0.368207 0.833816 0.171872 0.132381
17 0.376551 0.943391 0.211920 0.109019
17 0.383225 0.541799 0.112913 0.082321