1 0.582487 0.393434 0.119338 0.155699
1 0.708351 0.466156 0.119338 0.124000
1 0.738652 0.279690 0.105819 0.127729
1 0.483194 0.487599 0.094631 0.133323
1 0.844938 0.182262 0.121669 0.100692
1 0.837013 0.274562 0.110481 0.134255
1 0.404412 0.380848 0.145443 0.110015
22 0.626034 0.543052 0.024588 0.046240
22 0.626768 0.588191 0.027157 0.048809
22 0.602180 0.590760 0.028992 0.043304
22 0.618694 0.515528 0.115232 0.192665
22 0.599978 0.497913 0.030459 0.053579
22 0.577226 0.554795 0.019817 0.040735
22 0.599611 0.541217 0.029726 0.052845
22 0.640713 0.440664 0.029726 0.046240