31 0.330114 0.206124 0.163353 0.121693
31 0.399183 0.343713 0.181443 0.122789
31 0.614612 0.331106 0.171028 0.121693
31 0.582270 0.223117 0.179798 0.118404
31 0.768098 0.183649 0.194599 0.135945
31 0.759876 0.299312 0.216525 0.121693
31 0.847582 0.386470 0.204466 0.135945
31 0.744527 0.508711 0.171028 0.139234
31 0.588300 0.486785 0.203369 0.148005
31 0.388768 0.496652 0.192954 0.121693
31 0.542802 0.673709 0.226392 0.162257
31 0.793862 0.666583 0.239548 0.185280
14 0.623835 0.600366 0.448379 0.123370