24 0.620324 0.208248 0.134208 0.098022
24 0.729339 0.361236 0.103977 0.103518
24 0.807665 0.222906 0.140620 0.109015
24 0.747661 0.141374 0.098938 0.087029
24 0.475582 0.106562 0.106267 0.076036
24 0.444893 0.164734 0.108557 0.069623
24 0.653304 0.527507 0.131917 0.102602
24 0.842935 0.437730 0.140620 0.095274
24 0.874998 0.341998 0.135582 0.088861
24 0.430693 0.323676 0.114512 0.083364
24 0.520012 0.216035 0.114970 0.076952
24 0.595132 0.298484 0.142910 0.117260
24 0.625821 0.133129 0.118634 0.072371
24 0.752700 0.041978 0.106267 0.071455
32 0.491522 0.312576 0.277284 0.357051