24 0.605963 0.641473 0.111295 0.085230
24 0.708156 0.780902 0.094746 0.092677
24 0.780146 0.657195 0.129086 0.085230
24 0.723464 0.579412 0.094746 0.073645
24 0.473980 0.541348 0.092677 0.068680
24 0.422263 0.741597 0.107985 0.073645
24 0.836414 0.768076 0.104676 0.081920
24 0.808280 0.855375 0.127845 0.089367
24 0.612169 0.573620 0.105917 0.067025
24 0.581552 0.721324 0.122466 0.109227
24 0.515354 0.649334 0.089367 0.067853
24 0.731325 0.481356 0.105917 0.074473
24 0.626236 0.928193 0.123707 0.077783
9 0.188045 0.272804 0.266095 0.228259
9 0.458482 0.249234 0.300830 0.210891
9 0.479571 0.459504 0.297729 0.229499
9 0.538496 0.706371 0.299589 0.236942
9 0.210995 0.705751 0.312615 0.262994
9 0.199210 0.489897 0.289045 0.233221