9 0.387765 0.249513 0.118824 0.088322
9 0.621771 0.348305 0.577732 0.271338
9 0.506589 0.248147 0.114272 0.080127
9 0.628145 0.245871 0.101980 0.086501
9 0.627235 0.323721 0.137035 0.100158
9 0.623593 0.423424 0.142043 0.113816
9 0.478818 0.414319 0.147961 0.119280
9 0.760172 0.424790 0.138401 0.112906
9 0.757896 0.324632 0.128840 0.094695
9 0.497484 0.324632 0.129751 0.091053
9 0.740141 0.248147 0.117914 0.076485
5 0.455310 0.599986 0.341970 0.229168
5 0.277200 0.373193 0.413214 0.262415
5 0.664292 0.563177 0.256478 0.217294