8 0.643139 0.560188 0.134084 0.226911
8 0.726100 0.396059 0.068163 0.232292
8 0.644933 0.408615 0.113455 0.200004
8 0.900544 0.467361 0.109419 0.240364
31 0.468626 0.487644 0.190721 0.123607
31 0.333914 0.548964 0.202309 0.147749
31 0.328120 0.423426 0.203275 0.128435
31 0.710528 0.504543 0.193135 0.141954
31 0.679143 0.691401 0.227900 0.173822
31 0.432896 0.662431 0.227900 0.154508
31 0.291424 0.768173 0.204723 0.172856
31 0.419376 0.335549 0.156922 0.122641
31 0.543949 0.393973 0.168511 0.140989
31 0.706182 0.378039 0.168511 0.138092