26 0.316113 0.441670 0.108248 0.087200
26 0.420351 0.455702 0.113760 0.089204
26 0.339667 0.566455 0.112257 0.074170
26 0.687964 0.528869 0.105742 0.089204
26 0.579716 0.329412 0.100229 0.075172
26 0.584227 0.418116 0.130799 0.072165
26 0.200849 0.315380 0.098726 0.059135
26 0.469965 0.218158 0.081687 0.075172
26 0.281032 0.748372 0.112257 0.119273
26 0.427869 0.675204 0.114763 0.085195
26 0.539624 0.663177 0.102735 0.085195
26 0.173787 0.623586 0.109751 0.084193
26 0.207364 0.505315 0.101733 0.080184
26 0.187819 0.436658 0.108248 0.073168
26 0.400305 0.380028 0.108248 0.078179
26 0.445910 0.332921 0.110754 0.070161
26 0.277023 0.243716 0.085696 0.056129
20 0.421794 0.490471 0.296977 0.339822