17 0.528133 0.608673 0.150721 0.111433
17 0.516360 0.495203 0.093438 0.082340
17 0.403231 0.204506 0.098450 0.050836
17 0.462302 0.176582 0.077328 0.073748
17 0.560752 0.222048 0.079118 0.068736
17 0.492016 0.369187 0.105968 0.065156
17 0.556456 0.432911 0.095586 0.086636
17 0.416119 0.482673 0.118498 0.080192
17 0.693928 0.302241 0.070526 0.047256
17 0.616600 0.258565 0.078402 0.060144
17 0.605144 0.155102 0.084130 0.062292
17 0.472326 0.301883 0.110622 0.083772
17 0.551086 0.327659 0.083056 0.057996
17 0.586170 0.378137 0.087710 0.063008
17 0.641302 0.422887 0.112770 0.053700