32 0.523387 0.495517 0.633928 0.658765
24 0.424096 0.429090 0.171931 0.125574
24 0.563753 0.625080 0.133203 0.132616
24 0.664096 0.447867 0.180147 0.139658
24 0.587225 0.343418 0.126748 0.111491
24 0.238668 0.298821 0.136137 0.097408
24 0.199353 0.373344 0.139071 0.089193
24 0.466345 0.838087 0.168997 0.131442
24 0.709279 0.723075 0.180147 0.122054
24 0.750355 0.600434 0.173692 0.113839
24 0.181162 0.576963 0.146699 0.106797
24 0.295587 0.439065 0.147286 0.098582
24 0.391822 0.544689 0.183081 0.150220
24 0.431137 0.332855 0.151980 0.092714
24 0.593680 0.216083 0.136137 0.091540