6 0.649899 0.597960 0.193027 0.217528
24 0.446506 0.345012 0.100726 0.080114
24 0.337224 0.421237 0.124449 0.086336
24 0.465173 0.556186 0.104615 0.101114
24 0.576788 0.611021 0.113948 0.086336
24 0.693847 0.563964 0.153616 0.104226
24 0.596622 0.519240 0.118226 0.083225
24 0.630067 0.451960 0.100726 0.077780
24 0.692292 0.376513 0.106948 0.077780
24 0.602066 0.340734 0.102670 0.074669
24 0.431727 0.240786 0.107726 0.077003
24 0.560065 0.219008 0.091392 0.059891
24 0.335280 0.350457 0.110059 0.070780
24 0.336058 0.506795 0.122115 0.105003
24 0.598566 0.272287 0.118226 0.070002
24 0.716792 0.278510 0.076614 0.079336