9 0.520703 0.564166 0.177391 0.185724
9 0.627256 0.454636 0.132150 0.174414
9 0.755239 0.545117 0.170247 0.178581
9 0.656424 0.652861 0.145841 0.255966
31 0.468914 0.409395 0.172628 0.217869
31 0.304024 0.414753 0.180962 0.238108
31 0.261165 0.266530 0.148222 0.222631
31 0.420102 0.254625 0.166676 0.210130
23 0.571896 0.158191 0.146437 0.178581
5 0.817148 0.277841 0.192868 0.239299
29 0.680235 0.370703 0.343471 0.286325
23 0.289476 0.595370 0.239897 0.348582
23 0.556404 0.666325 0.268617 0.269743