5 0.706258 0.602715 0.186639 0.141815
18 0.417605 0.617785 0.188958 0.178524
5 0.468999 0.496064 0.090035 0.047529
31 0.520778 0.429600 0.079215 0.053325
22 0.577582 0.481766 0.083852 0.051393
17 0.690802 0.455490 0.102014 0.055644
8 0.456669 0.578283 0.194588 0.325296
8 0.850759 0.535533 0.234881 0.266330
31 0.587377 0.529145 0.133656 0.099260
31 0.782948 0.659853 0.132182 0.092380
31 0.682214 0.714396 0.170510 0.105648
31 0.535290 0.684422 0.155769 0.124812
31 0.637990 0.625947 0.136605 0.096311
31 0.719068 0.556662 0.138079 0.105648
31 0.674843 0.473618 0.142010 0.107613