9 0.380149 0.649394 0.107482 0.083516
9 0.480369 0.654841 0.096951 0.084242
9 0.583493 0.661014 0.117286 0.086421
9 0.461123 0.727827 0.112202 0.074802
9 0.571873 0.738720 0.105666 0.084969
9 0.457129 0.804081 0.110387 0.082064
9 0.559891 0.818968 0.114381 0.088600
9 0.437158 0.893407 0.113292 0.089326
9 0.541735 0.907205 0.101672 0.099493
9 0.692427 0.685705 0.069718 0.051562
9 0.690249 0.728553 0.074075 0.051562
9 0.691701 0.775395 0.071170 0.050836
9 0.688070 0.819695 0.078433 0.049384
9 0.689522 0.866173 0.075528 0.050836
9 0.685891 0.910110 0.082790 0.054467
23 0.842733 0.581031 0.303875 0.393730
23 0.605841 0.585115 0.265890 0.459080