17 0.450149 0.533709 0.105808 0.086251
17 0.296703 0.659073 0.102799 0.084245
17 0.540411 0.673114 0.112327 0.096280
17 0.396994 0.839097 0.116338 0.099289
17 0.569496 0.401324 0.097784 0.082239
17 0.263105 0.407342 0.126869 0.098286
17 0.335816 0.526689 0.098787 0.072210
17 0.483245 0.404834 0.101796 0.089260
17 0.601589 0.599901 0.113831 0.094274
17 0.444131 0.670607 0.088257 0.065190
17 0.468201 0.749336 0.101796 0.096280
17 0.582032 0.785441 0.128373 0.096280
22 0.607033 0.614349 0.116730 0.081565
31 0.733532 0.624606 0.135779 0.079123
5 0.700809 0.552809 0.124545 0.049818
17 0.788723 0.723265 0.141640 0.098659
5 0.473697 0.755012 0.253486 0.175828