9 0.222695 0.367678 0.137786 0.107063
9 0.351171 0.374661 0.124287 0.107994
9 0.483371 0.382574 0.150354 0.110787
9 0.326500 0.468225 0.143837 0.095892
9 0.468475 0.482190 0.135458 0.108925
9 0.321379 0.565978 0.141510 0.105201
9 0.453114 0.585064 0.146630 0.113580
9 0.295777 0.680490 0.145234 0.114511
9 0.429839 0.698179 0.130338 0.127545
9 0.623019 0.414228 0.089375 0.066100
9 0.620226 0.469156 0.094961 0.066100
9 0.622088 0.529205 0.091237 0.065169
9 0.617433 0.585995 0.100547 0.063307
9 0.619295 0.645578 0.096823 0.065169
9 0.614640 0.701902 0.106132 0.069824
28 0.334344 0.477873 0.280213 0.455746