26 0.634892 0.310942 0.134683 0.090842
26 0.455578 0.321211 0.161146 0.084523
26 0.522722 0.425877 0.106246 0.082153
26 0.656615 0.443256 0.167466 0.094792
26 0.439779 0.220100 0.121255 0.097162
26 0.430300 0.517510 0.173785 0.139028
26 0.590656 0.545552 0.137053 0.103481
26 0.729289 0.357153 0.131524 0.096372
26 0.569328 0.200352 0.133894 0.078203
26 0.698087 0.195612 0.130734 0.109801
26 0.742323 0.277370 0.166281 0.088472
9 0.728960 0.415199 0.160138 0.107335
9 0.857070 0.378410 0.125080 0.097381
9 0.756227 0.333399 0.131140 0.091754