27 0.516084 0.654166 0.428030 0.237081
31 0.274431 0.208256 0.130112 0.096929
31 0.329445 0.317847 0.144520 0.097802
31 0.501035 0.307805 0.136224 0.096929
31 0.475275 0.221792 0.143210 0.094309
31 0.623288 0.190355 0.154999 0.108281
31 0.616738 0.282481 0.172464 0.096929
31 0.686597 0.351903 0.162858 0.108281
31 0.604513 0.449269 0.136224 0.110901
31 0.480077 0.431804 0.161985 0.117887
31 0.321149 0.439663 0.153689 0.096929
31 0.443838 0.580691 0.180323 0.129239
31 0.643809 0.575015 0.190802 0.147576