31 0.504146 0.279298 0.092284 0.073699
31 0.429807 0.353317 0.083632 0.058959
31 0.331435 0.423491 0.107664 0.080107
31 0.358992 0.329285 0.121443 0.074980
31 0.504146 0.465788 0.106062 0.081389
31 0.580088 0.322236 0.099013 0.077544
31 0.588740 0.253984 0.097410 0.073058
31 0.346175 0.259431 0.102537 0.069854
31 0.432050 0.278978 0.089720 0.074340
31 0.464413 0.193743 0.081069 0.048705
31 0.409299 0.225466 0.078505 0.055755
31 0.429486 0.400420 0.081069 0.059600
13 0.539183 0.272703 0.256688 0.287158
13 0.376214 0.453677 0.249301 0.337019