17 0.748208 0.363060 0.067643 0.055140
17 0.650110 0.443205 0.065719 0.053858
17 0.805912 0.452181 0.071810 0.061552
17 0.714226 0.558294 0.074375 0.063475
17 0.824506 0.278426 0.062513 0.052575
17 0.628631 0.282273 0.081107 0.062834
17 0.675115 0.358572 0.063154 0.046164
17 0.769366 0.280670 0.065078 0.057063
17 0.845023 0.405376 0.072772 0.060269
17 0.744361 0.450578 0.056422 0.041676
17 0.759749 0.500910 0.065078 0.061552
17 0.832521 0.523991 0.082069 0.061552
17 0.596380 0.641940 0.193265 0.237620