22 0.218452 0.364158 0.041304 0.037695
22 0.234492 0.464411 0.051329 0.030878
22 0.135443 0.360950 0.035690 0.029274
22 0.441815 0.275936 0.033284 0.036893
22 0.219655 0.299996 0.058949 0.032482
22 0.398105 0.428320 0.044512 0.034086
22 0.315898 0.425914 0.044512 0.036091
22 0.367227 0.328067 0.040101 0.034086
22 0.222863 0.249068 0.038898 0.031680
22 0.179554 0.273931 0.058949 0.029274
22 0.454648 0.409473 0.034487 0.035289
22 0.348781 0.377793 0.125918 0.055340
35 0.611429 0.406035 0.298587 0.180757
35 0.625235 0.441352 0.305971 0.189747