27 0.499430 0.489713 0.513817 0.689767
24 0.573155 0.321948 0.129224 0.102780
24 0.432954 0.419739 0.159659 0.110763
24 0.597104 0.592869 0.134213 0.129723
24 0.740298 0.663218 0.146188 0.110763
24 0.890477 0.602847 0.197079 0.133714
24 0.765743 0.545470 0.151676 0.106772
24 0.808652 0.459154 0.129224 0.099787
24 0.888481 0.362361 0.137207 0.099787
24 0.772728 0.316459 0.131719 0.095795
24 0.554195 0.188233 0.138205 0.098789
24 0.718844 0.160293 0.117249 0.076836
24 0.430460 0.328933 0.141198 0.090806
24 0.431458 0.529504 0.156665 0.134712
24 0.768238 0.228647 0.151676 0.089808
24 0.919914 0.236630 0.098290 0.101783