17 0.503577 0.443666 0.120820 0.082001
17 0.335650 0.501677 0.159203 0.086362
17 0.432044 0.587603 0.101192 0.102937
17 0.573801 0.562305 0.140884 0.102937
17 0.690695 0.621625 0.132597 0.088979
17 0.669323 0.422294 0.103373 0.081128
17 0.332161 0.222526 0.089416 0.079384
17 0.456470 0.264835 0.092033 0.075022
17 0.585141 0.255675 0.095522 0.084618
17 0.521024 0.294059 0.081564 0.079384
17 0.493545 0.184143 0.082437 0.077639
17 0.355278 0.367336 0.119948 0.088107
17 0.380140 0.439304 0.137395 0.078511
17 0.449055 0.388272 0.102501 0.061937
17 0.620471 0.345527 0.096394 0.061937
24 0.594429 0.596540 0.341020 0.256018
24 0.551928 0.802973 0.336972 0.205928