24 0.452623 0.600843 0.122260 0.086686
24 0.629267 0.642960 0.124305 0.089140
24 0.477157 0.686303 0.145158 0.105495
24 0.425636 0.782803 0.140661 0.105495
24 0.399467 0.451596 0.090366 0.072784
24 0.311145 0.436876 0.094864 0.077690
24 0.636218 0.530104 0.081779 0.080962
24 0.442810 0.506797 0.085051 0.060517
24 0.363075 0.662587 0.102633 0.071148
24 0.358168 0.586532 0.094864 0.066241
24 0.616182 0.810199 0.139434 0.096500
24 0.642351 0.462636 0.089548 0.063788
17 0.677001 0.452477 0.340816 0.247268
17 0.450464 0.569284 0.313510 0.245751