13 0.274534 0.528409 0.177807 0.266005
13 0.442110 0.588737 0.177807 0.289642
31 0.303542 0.488315 0.110210 0.082103
31 0.350141 0.581143 0.122414 0.082842
31 0.495485 0.572637 0.115387 0.082103
31 0.473665 0.499780 0.121305 0.079884
31 0.599038 0.473152 0.131290 0.091718
31 0.593490 0.551187 0.146083 0.082103
31 0.652663 0.609990 0.137947 0.091718
31 0.583135 0.692463 0.115387 0.093937
31 0.477733 0.677669 0.137208 0.099855
31 0.343114 0.684326 0.130181 0.082103
31 0.447037 0.803782 0.152740 0.109470
31 0.616420 0.798974 0.161616 0.125003