24 0.357476 0.827495 0.280209 0.626691
24 0.592731 0.622025 0.384028 0.270936
24 0.517135 0.303312 0.280613 0.197155
26 0.189956 0.514376 0.241907 0.239488
24 0.642322 0.440595 0.292103 0.174173
9 0.474089 0.735650 0.128081 0.134099
9 0.551023 0.656566 0.095416 0.125932
9 0.643431 0.721896 0.122924 0.128941
9 0.572084 0.799690 0.105302 0.184815
31 0.436696 0.623901 0.124643 0.157308
31 0.317640 0.627769 0.130660 0.171921
31 0.286695 0.520748 0.107021 0.160746
31 0.401452 0.512152 0.120345 0.151720
23 0.511052 0.442524 0.105732 0.128941
5 0.688131 0.528914 0.139256 0.172781
29 0.589276 0.595964 0.247996 0.206735