31 0.581185 0.403904 0.178605 0.130542
31 0.360450 0.411024 0.180385 0.130542
31 0.253050 0.485196 0.211834 0.138849
31 0.216854 0.373642 0.164364 0.119861
31 0.282125 0.272175 0.166144 0.121048
31 0.547956 0.289383 0.159617 0.122235
31 0.744955 0.250814 0.192846 0.132915
31 0.730121 0.377202 0.188099 0.131729
31 0.528968 0.749247 0.220141 0.173265
31 0.773437 0.735006 0.240316 0.178012
31 0.250676 0.675669 0.194626 0.130542
31 0.354516 0.574795 0.215394 0.123422
31 0.579998 0.571235 0.197593 0.147156
31 0.736648 0.576575 0.226075 0.143596
21 0.519368 0.648275 0.079716 0.072335
21 0.582108 0.880411 0.090419 0.074549
21 0.480248 0.780766 0.077871 0.061263
21 0.509035 0.819148 0.078609 0.056835
21 0.551476 0.788147 0.082669 0.071597
21 0.694670 0.675585 0.063847 0.056097
21 0.631562 0.805862 0.099276 0.080454
21 0.651860 0.575939 0.086728 0.060525
21 0.551107 0.561177 0.060156 0.053144
21 0.439652 0.657870 0.087466 0.075288
21 0.653705 0.905507 0.098538 0.077502
21 0.719397 0.832803 0.067906 0.053144