9 0.457405 0.392410 0.225180 0.184089
9 0.718198 0.367755 0.258601 0.174227
9 0.757646 0.524450 0.282160 0.200526
9 0.825583 0.732098 0.324347 0.234494
9 0.517672 0.746343 0.344619 0.267367
9 0.474389 0.539790 0.284900 0.187376
31 0.236647 0.572514 0.133989 0.098426
31 0.210783 0.698241 0.160930 0.108484
31 0.387519 0.707580 0.158057 0.130038
31 0.409431 0.578620 0.139018 0.107766
31 0.404043 0.489175 0.132193 0.091242
31 0.199288 0.464748 0.128241 0.082621
31 0.229822 0.797744 0.170629 0.130756