31 0.503432 0.229866 0.135688 0.104243
31 0.708471 0.264327 0.127503 0.104243
31 0.862681 0.250543 0.149472 0.112858
31 0.683056 0.487888 0.150333 0.120611
31 0.462941 0.400876 0.135257 0.115442
31 0.523247 0.474104 0.159810 0.106827
31 0.639550 0.634775 0.177901 0.147318
31 0.834251 0.644252 0.190824 0.140426
31 0.846312 0.342724 0.148179 0.107689
31 0.723116 0.356077 0.132242 0.103381
31 0.555984 0.346170 0.142580 0.097350
31 0.478017 0.673112 0.165410 0.103381
31 0.814006 0.507703 0.152918 0.122334
31 0.525307 0.203788 0.437891 0.325486
31 0.445158 0.495064 0.403192 0.276126