31 0.514020 0.261167 0.127949 0.089564
31 0.617579 0.228780 0.119553 0.090364
31 0.612781 0.307949 0.129149 0.095162
31 0.512421 0.337537 0.113955 0.075970
31 0.506023 0.503071 0.139545 0.114355
31 0.757524 0.542256 0.133147 0.125550
31 0.612781 0.558649 0.161136 0.121552
31 0.659962 0.387117 0.115154 0.082367
31 0.564000 0.430300 0.151540 0.107957
31 0.704345 0.278760 0.111956 0.095962
31 0.752326 0.341935 0.124751 0.086366
31 0.684752 0.171603 0.119553 0.092763
31 0.420057 0.267965 0.134347 0.095162
0 0.595792 0.577413 0.573210 0.466049
0 0.600847 0.587017 0.591913 0.248189