21 0.418103 0.292405 0.161635 0.123780
21 0.546089 0.321247 0.165240 0.143008
21 0.695106 0.320646 0.180863 0.163438
21 0.697509 0.451637 0.176056 0.132192
21 0.389261 0.773104 0.184468 0.150219
1 0.661619 0.719343 0.128906 0.151583
1 0.851993 0.721730 0.184407 0.146809
1 0.388888 0.252657 0.187987 0.079969
1 0.395453 0.181043 0.159342 0.089518
1 0.613279 0.311142 0.114583 0.125325
1 0.670571 0.460935 0.130696 0.174261
1 0.792911 0.547469 0.140244 0.134873
1 0.833493 0.352320 0.125922 0.145616
1 0.696232 0.110026 0.127115 0.138454
1 0.883026 0.135687 0.128906 0.139648