7 0.533506 0.690624 0.151010 0.071231
7 0.630064 0.646619 0.119352 0.049387
34 0.431883 0.580453 0.098141 0.047488
21 0.506974 0.332618 0.133733 0.121350
21 0.612227 0.722053 0.151688 0.125065
21 0.441346 0.554887 0.130637 0.102776
21 0.489638 0.619276 0.131875 0.095346
21 0.560839 0.567269 0.138686 0.120112
21 0.801062 0.378434 0.107110 0.094108
21 0.695190 0.596988 0.166547 0.134971
21 0.729243 0.211268 0.145496 0.101538
21 0.560220 0.186503 0.100919 0.089155
21 0.373241 0.348715 0.146734 0.126303
21 0.732338 0.764154 0.165308 0.130018
21 0.842544 0.642184 0.113920 0.089155