17 0.448434 0.754325 0.155420 0.144125
17 0.555619 0.613561 0.110510 0.097384
17 0.421822 0.269753 0.116437 0.060124
17 0.491684 0.236728 0.091456 0.087222
17 0.608121 0.290500 0.093573 0.081294
17 0.526827 0.464521 0.125329 0.077060
17 0.603040 0.539888 0.113050 0.102465
17 0.437064 0.598742 0.140148 0.094843
17 0.765629 0.385344 0.083411 0.055890
17 0.674173 0.333688 0.092726 0.071133
17 0.660624 0.211323 0.099501 0.073673
17 0.503539 0.384921 0.130833 0.099078
17 0.596689 0.415406 0.098231 0.068592
17 0.638183 0.475106 0.103735 0.074520
17 0.703388 0.528033 0.133374 0.063511