20 0.444910 0.562040 0.370725 0.527570
20 0.797812 0.553128 0.308938 0.521629
26 0.708983 0.487742 0.195073 0.276909
26 0.803665 0.291717 0.121802 0.164623
26 0.679960 0.281726 0.118947 0.132745
31 0.475371 0.181810 0.080884 0.133696
31 0.449203 0.374504 0.086593 0.160816
31 0.350715 0.538175 0.098964 0.163671
31 0.436833 0.540078 0.089924 0.171759
31 0.514386 0.354045 0.070417 0.143688
31 0.569102 0.403527 0.081836 0.150825
31 0.403052 0.187044 0.067086 0.122753
31 0.351667 0.359755 0.084214 0.147018
26 0.598125 0.082846 0.056619 0.115141
26 0.742288 0.193229 0.126084 0.183654