9 0.209633 0.667392 0.188016 0.294596
9 0.432629 0.666299 0.203867 0.307166
9 0.632670 0.659740 0.196215 0.277106
22 0.285263 0.435918 0.077703 0.050993
22 0.408495 0.539118 0.074668 0.065562
22 0.243983 0.590110 0.085595 0.058277
22 0.633105 0.686632 0.084381 0.064348
22 0.486805 0.608929 0.089237 0.054635
22 0.428528 0.699380 0.118376 0.063134
22 0.287084 0.689668 0.094094 0.075275
22 0.460095 0.449881 0.077703 0.049779
22 0.579078 0.502694 0.072847 0.055849
22 0.586362 0.615607 0.087416 0.053421
22 0.675599 0.616214 0.077703 0.078917
22 0.610644 0.789832 0.084381 0.059491
22 0.374500 0.761300 0.103806 0.063134