31 0.472479 0.386808 0.195820 0.137074
31 0.630971 0.337241 0.182970 0.138298
31 0.623628 0.458405 0.197656 0.145641
31 0.470032 0.503688 0.174402 0.116268
31 0.460241 0.757031 0.213566 0.175014
31 0.845150 0.817000 0.203775 0.192149
31 0.623628 0.842090 0.246611 0.186029
31 0.695837 0.579568 0.176238 0.126059
31 0.548972 0.645658 0.231925 0.165223
31 0.763762 0.413733 0.171343 0.146865
31 0.837194 0.510419 0.190925 0.132179
31 0.733777 0.249734 0.182970 0.141970
31 0.328674 0.397211 0.205611 0.145641
0 0.356153 0.691390 0.189944 0.329843
0 0.291322 0.673192 0.305199 0.360173