9 0.421723 0.338303 0.223347 0.182591
9 0.680393 0.313849 0.256496 0.172809
9 0.719520 0.469269 0.279864 0.198893
9 0.786905 0.675227 0.321707 0.232586
9 0.481500 0.689356 0.341814 0.265191
9 0.438570 0.484485 0.282581 0.185851
31 0.516481 0.236830 0.245796 0.178556
31 0.614235 0.381482 0.278569 0.192117
31 0.550384 0.538001 0.262183 0.195507
31 0.387650 0.380917 0.232235 0.172905
31 0.732330 0.197276 0.246927 0.178556
31 0.245822 0.660617 0.226020 0.203418
31 0.433419 0.672483 0.296651 0.179686
31 0.703512 0.677003 0.305127 0.170645
31 0.738545 0.497883 0.235061 0.232800
31 0.273510 0.181455 0.239581 0.167255