33 0.403785 0.475317 0.563285 0.288300
31 0.438259 0.273175 0.151783 0.117587
31 0.467656 0.377564 0.153583 0.117587
31 0.362067 0.427358 0.169781 0.121187
31 0.380665 0.635535 0.190179 0.146384
31 0.537248 0.667931 0.193778 0.172781
31 0.709429 0.616337 0.198578 0.139185
31 0.738225 0.464554 0.172781 0.135585
31 0.876210 0.487351 0.142184 0.135585
31 0.566045 0.322370 0.161382 0.117587
31 0.753824 0.317570 0.188979 0.127186
31 0.739425 0.220381 0.153583 0.100789
31 0.509051 0.190984 0.163182 0.121187
31 0.881610 0.298972 0.131985 0.123586