21 0.342028 0.572106 0.209450 0.140039
21 0.393173 0.828439 0.162567 0.116902
21 0.575833 0.352305 0.128471 0.102290
21 0.168501 0.223225 0.124818 0.097419
21 0.505205 0.555058 0.168656 0.137604
21 0.770670 0.422934 0.154043 0.104725
21 0.703086 0.568453 0.197882 0.154652
21 0.530168 0.846705 0.160741 0.143693
21 0.620280 0.219572 0.126644 0.092548
9 0.851536 0.545568 0.181680 0.326696
9 0.530312 0.464031 0.190436 0.266501
9 0.371068 0.698793 0.160886 0.277993
9 0.363954 0.458559 0.146658 0.230384
9 0.525387 0.258272 0.158697 0.213420