24 0.325268 0.403816 0.137639 0.105404
24 0.451650 0.576248 0.117172 0.114614
24 0.540680 0.423259 0.159641 0.105404
24 0.470582 0.327065 0.117172 0.091077
24 0.162045 0.279992 0.114614 0.084937
24 0.098086 0.527640 0.133546 0.091077
24 0.610268 0.560387 0.129452 0.101311
24 0.575474 0.668349 0.158106 0.110521
24 0.332943 0.319902 0.130987 0.082890
24 0.295079 0.502568 0.151454 0.135081
24 0.213212 0.413537 0.110521 0.083914
24 0.480303 0.205799 0.130987 0.092101
24 0.350339 0.758403 0.152989 0.096194
18 0.599792 0.569844 0.454680 0.177968