31 0.766565 0.554820 0.122247 0.085799
31 0.665284 0.498051 0.099668 0.065155
31 0.628191 0.552885 0.103216 0.067736
31 0.652382 0.690937 0.123860 0.094830
31 0.770113 0.665778 0.104829 0.089669
31 0.756889 0.447088 0.078380 0.057414
31 0.677219 0.409995 0.070639 0.043867
31 0.635610 0.434186 0.083541 0.054834
31 0.522717 0.524823 0.078380 0.058059
31 0.602387 0.607718 0.099668 0.062575
31 0.698830 0.611589 0.109990 0.074187
27 0.483646 0.280768 0.673543 0.199958
27 0.483646 0.469150 0.673543 0.157862
27 0.483646 0.608594 0.673543 0.131551
27 0.483646 0.111330 0.673543 0.178910