17 0.529431 0.615351 0.157850 0.107133
17 0.310037 0.691141 0.207997 0.112831
17 0.435975 0.803403 0.132206 0.134486
17 0.621178 0.770351 0.184063 0.134486
17 0.773899 0.847851 0.173236 0.116250
17 0.745976 0.587428 0.135056 0.105993
17 0.305478 0.326434 0.116820 0.103714
17 0.467887 0.381710 0.120239 0.098015
17 0.635994 0.369743 0.124798 0.110552
17 0.552226 0.419890 0.106563 0.103714
17 0.516325 0.276287 0.107703 0.101434
17 0.335681 0.515626 0.156710 0.115111
17 0.368163 0.609652 0.179504 0.102574
17 0.458200 0.542979 0.133916 0.080919
17 0.682152 0.487133 0.125938 0.080919
21 0.597901 0.378240 0.119036 0.075327
21 0.482584 0.677690 0.101832 0.082767
21 0.452825 0.397304 0.099042 0.081837
21 0.598830 0.432178 0.107876 0.079047
21 0.736466 0.325696 0.100437 0.072538
21 0.530943 0.289428 0.113921 0.074397