26 0.476488 0.511990 0.252154 0.291037
26 0.756332 0.490192 0.173208 0.149643
24 0.646567 0.637255 0.100762 0.080142
24 0.537247 0.713507 0.124493 0.086367
24 0.665241 0.848505 0.104652 0.101151
24 0.776896 0.903359 0.113989 0.086367
24 0.893997 0.856285 0.153671 0.104263
24 0.796737 0.811546 0.118268 0.083255
24 0.830194 0.744242 0.100762 0.077808
24 0.892441 0.668768 0.106986 0.077808
24 0.802183 0.632976 0.102707 0.074696
24 0.631783 0.532992 0.107764 0.077030
24 0.760167 0.511206 0.091425 0.059912
24 0.535301 0.642702 0.110099 0.070805
24 0.536079 0.799096 0.122159 0.105041
24 0.798682 0.564505 0.118268 0.070027
24 0.916950 0.570729 0.076641 0.079364