8 0.295107 0.565329 0.157578 0.161551
8 0.328653 0.743211 0.135509 0.199511
8 0.140619 0.855326 0.196421 0.116529
31 0.108838 0.943605 0.132860 0.086514
8 0.171075 0.518982 0.086072 0.155371
8 0.444299 0.594461 0.111673 0.161551
8 0.356903 0.868568 0.319129 0.171262
26 0.503845 0.326205 0.250945 0.169372
26 0.728014 0.222215 0.244096 0.170618
26 0.413555 0.475651 0.275853 0.166882
26 0.567982 0.582754 0.288929 0.231642
26 0.219274 0.389719 0.222301 0.174354
26 0.530621 0.205402 0.224169 0.161900