21 0.515886 0.228712 0.091147 0.063152
21 0.587176 0.252150 0.082358 0.068360
21 0.655211 0.253777 0.088543 0.075522
21 0.653583 0.316929 0.081707 0.065105
21 0.496029 0.459509 0.091147 0.072917
21 0.514259 0.289259 0.110353 0.074871
24 0.453506 0.467359 0.173638 0.125901
24 0.617177 0.307360 0.190425 0.131147
24 0.451408 0.315754 0.172065 0.131147
24 0.522752 0.707096 0.186228 0.137442
24 0.731013 0.716014 0.219802 0.184655
24 0.632915 0.570703 0.197245 0.152130
24 0.828061 0.499359 0.195671 0.141639