21 0.659879 0.290400 0.079011 0.067995
21 0.726355 0.297997 0.079771 0.065716
21 0.802707 0.290780 0.096105 0.081670
21 0.812964 0.354976 0.099524 0.072174
21 0.815623 0.417654 0.107121 0.074453
21 0.822460 0.480331 0.101423 0.078632
21 0.766240 0.546807 0.105982 0.070654
21 0.666337 0.535791 0.102563 0.086609
21 0.393750 0.502729 0.224291 0.153371
21 0.350506 0.308420 0.202958 0.145299
21 0.840026 0.557504 0.173552 0.147606
21 0.832531 0.679163 0.189120 0.141840
21 0.532707 0.134291 0.179894 0.138380
21 0.505607 0.206941 0.218525 0.129155