4 0.387332 0.540154 0.150075 0.179428
4 0.628304 0.516009 0.164751 0.160964
4 0.561552 0.544415 0.148182 0.163805
4 0.475862 0.558144 0.164751 0.216828
31 0.509910 0.245382 0.133609 0.086592
31 0.415538 0.288340 0.141727 0.103505
31 0.411479 0.200395 0.142404 0.089975
31 0.679373 0.257221 0.135300 0.099446
31 0.657387 0.388124 0.159654 0.121770
31 0.484879 0.367829 0.159654 0.108240
31 0.385772 0.441906 0.143418 0.121094
31 0.475408 0.138833 0.109931 0.085916
31 0.562677 0.179762 0.118050 0.098769
31 0.676329 0.168599 0.118050 0.096740