24 0.544443 0.702402 0.368436 0.264502
24 0.609791 0.424830 0.392708 0.319892
26 0.100939 0.648146 0.151362 0.096086
26 0.336506 0.694122 0.143096 0.088854
26 0.213556 0.574273 0.126565 0.080589
26 0.358203 0.531396 0.118300 0.116750
26 0.492000 0.615084 0.126565 0.098153
26 0.221822 0.773161 0.162727 0.102285
26 0.111271 0.725118 0.142063 0.092987
26 0.466687 0.754564 0.147229 0.104352
26 0.458422 0.454940 0.111584 0.096086
26 0.261083 0.415162 0.130698 0.105385
26 0.458938 0.846001 0.165310 0.103319
26 0.588603 0.505049 0.121399 0.084721
26 0.490450 0.542761 0.126565 0.079555
26 0.081309 0.447707 0.112617 0.087821