24 0.236087 0.467534 0.123566 0.087612
24 0.414617 0.510101 0.125632 0.090091
24 0.260883 0.553906 0.146708 0.106622
24 0.208812 0.651437 0.142163 0.106622
24 0.182363 0.316693 0.091331 0.073561
24 0.093098 0.301816 0.095877 0.078520
24 0.421642 0.396040 0.082653 0.081826
24 0.226169 0.372484 0.085959 0.061163
24 0.145582 0.529937 0.103729 0.071908
24 0.140623 0.453070 0.095877 0.066949
24 0.401392 0.679125 0.140923 0.097530
24 0.427841 0.327851 0.090505 0.064469
31 0.500492 0.128132 0.231901 0.163130
31 0.445476 0.297340 0.282120 0.201194