31 0.336825 0.410912 0.291878 0.238161
31 0.554545 0.529280 0.359856 0.290927
22 0.413654 0.505608 0.059287 0.035572
22 0.498138 0.503755 0.048542 0.034831
22 0.419953 0.445209 0.042613 0.036314
22 0.616713 0.456696 0.058176 0.032608
22 0.676001 0.497826 0.060399 0.036314
22 0.610784 0.507090 0.052247 0.042983
22 0.549644 0.541551 0.048542 0.036314
22 0.443668 0.384439 0.042613 0.030385
22 0.772713 0.448914 0.056323 0.028903
22 0.742329 0.501902 0.042613 0.035572
22 0.681559 0.564895 0.063363 0.044466
22 0.554091 0.575641 0.061140 0.037796
22 0.480352 0.428905 0.050394 0.028903
22 0.527411 0.422235 0.043354 0.033349