17 0.463088 0.649399 0.117653 0.070357
17 0.218401 0.761971 0.107490 0.084429
17 0.384131 0.770179 0.121952 0.091464
17 0.539308 0.491095 0.084429 0.075829
17 0.435726 0.438718 0.075048 0.082083
17 0.377877 0.468034 0.096937 0.060976
17 0.443935 0.571224 0.110617 0.090683
17 0.571750 0.665034 0.119998 0.067230
17 0.253189 0.644318 0.085601 0.064885
17 0.233254 0.519238 0.106318 0.061758
17 0.586213 0.419956 0.086383 0.068012
17 0.398984 0.693568 0.118825 0.071139
17 0.528363 0.720929 0.095764 0.094591
17 0.481459 0.786596 0.085601 0.088337
31 0.692925 0.348878 0.206297 0.144998