23 0.581839 0.524628 0.159645 0.141983
23 0.444358 0.455368 0.145100 0.216784
17 0.757906 0.531341 0.126361 0.075565
17 0.495108 0.652245 0.115447 0.090678
17 0.673105 0.661061 0.130979 0.098235
17 0.839768 0.361320 0.090678 0.081442
17 0.728519 0.305066 0.080603 0.088159
17 0.666388 0.336552 0.104112 0.065490
17 0.737335 0.447380 0.118805 0.097395
17 0.874612 0.548134 0.128880 0.072207
17 0.532470 0.525884 0.091937 0.069688
17 0.511060 0.391546 0.114187 0.066329
17 0.890145 0.284915 0.092777 0.073046
17 0.689058 0.578779 0.127621 0.076405
17 0.828013 0.608166 0.102852 0.101593
17 0.777637 0.678693 0.091937 0.094876