31 0.502234 0.676214 0.084777 0.065677
31 0.518654 0.734519 0.085782 0.065677
31 0.459678 0.762331 0.094829 0.067687
31 0.470066 0.878606 0.106222 0.081761
31 0.557523 0.896701 0.108233 0.096505
31 0.653693 0.867883 0.110913 0.077740
31 0.669777 0.783107 0.096505 0.075729
31 0.746847 0.795840 0.079415 0.075729
31 0.573608 0.703691 0.090138 0.065677
31 0.678489 0.701011 0.105552 0.071038
31 0.670447 0.646727 0.085782 0.056294
31 0.541774 0.630308 0.091143 0.067687
31 0.749863 0.690623 0.073719 0.069028
20 0.432691 0.637217 0.211616 0.256754