13 0.372891 0.477353 0.340579 0.184613
13 0.479294 0.666058 0.356494 0.251001
26 0.512911 0.587369 0.099474 0.080132
26 0.608701 0.600263 0.104540 0.081974
26 0.534556 0.702040 0.103158 0.068158
26 0.854622 0.667500 0.097171 0.081974
26 0.755148 0.484211 0.092105 0.069079
26 0.759293 0.565724 0.120197 0.066316
26 0.406990 0.471316 0.090724 0.054342
26 0.654293 0.381974 0.075066 0.069079
26 0.480674 0.869211 0.103158 0.109605
26 0.615609 0.801974 0.105461 0.078290
26 0.718306 0.790921 0.094408 0.078290
26 0.382122 0.754540 0.100855 0.077368
26 0.412977 0.645855 0.093487 0.073684
26 0.395016 0.582763 0.099474 0.067237
26 0.590280 0.530724 0.099474 0.071842
26 0.632188 0.487434 0.101776 0.064474
26 0.476990 0.405461 0.078750 0.051579