17 0.611046 0.400009 0.159473 0.134196
17 0.327487 0.474920 0.136035 0.102026
17 0.527863 0.564078 0.176478 0.105703
17 0.490637 0.663806 0.182452 0.136035
17 0.700664 0.613252 0.132358 0.143388
17 0.623455 0.504792 0.156716 0.099269
17 0.446977 0.330612 0.115354 0.096511
17 0.322432 0.299821 0.148443 0.079047
17 0.535675 0.242833 0.143388 0.080886
17 0.266823 0.633933 0.142009 0.109379
17 0.273717 0.724470 0.175099 0.090077
17 0.279232 0.392655 0.093294 0.068017
24 0.517037 0.524106 0.222887 0.300840
24 0.289530 0.431718 0.270814 0.349921