31 0.511711 0.441748 0.156456 0.114353
31 0.318351 0.447985 0.158015 0.114353
31 0.224270 0.512958 0.185564 0.121630
31 0.192563 0.415238 0.143981 0.104997
31 0.249739 0.326355 0.145540 0.106036
31 0.482603 0.341429 0.139822 0.107076
31 0.655172 0.307643 0.168930 0.116432
31 0.642177 0.418357 0.164772 0.115392
31 0.465970 0.744263 0.192841 0.151777
31 0.680122 0.731788 0.210513 0.155936
31 0.222191 0.679809 0.170490 0.114353
31 0.313153 0.591446 0.188682 0.108115
31 0.510672 0.588327 0.173089 0.128907
31 0.647895 0.593005 0.198038 0.125788
24 0.324562 0.664554 0.127000 0.111125
24 0.199547 0.509773 0.152300 0.117078
24 0.397488 0.514238 0.150812 0.106164
24 0.333988 0.425933 0.140394 0.098226
24 0.510597 0.437343 0.125511 0.095250
24 0.612296 0.474054 0.125511 0.107156
24 0.580050 0.818839 0.190500 0.163711
24 0.257093 0.849597 0.158750 0.112117
24 0.448089 0.734999 0.144363 0.093265
24 0.488769 0.637765 0.140394 0.097234
24 0.183176 0.613953 0.166687 0.123031