21 0.659937 0.749595 0.108762 0.156185
21 0.769730 0.717636 0.125257 0.162886
21 0.753750 0.604235 0.119587 0.126288
21 0.772307 0.522792 0.093298 0.120102
21 0.561484 0.752688 0.119587 0.148453
21 0.403752 0.712997 0.094845 0.124226
21 0.478494 0.781038 0.108762 0.130927
21 0.659303 0.655229 0.137657 0.099268
21 0.543360 0.675393 0.141535 0.103922
21 0.786103 0.530756 0.128351 0.101595
21 0.611607 0.536960 0.137657 0.087635
21 0.624791 0.352383 0.126024 0.084533
21 0.693038 0.407834 0.105473 0.083758