21 0.410565 0.268234 0.088017 0.058193
21 0.418203 0.307150 0.086926 0.056011
21 0.436752 0.351523 0.103293 0.057466
21 0.452392 0.391167 0.095291 0.062194
21 0.413111 0.452633 0.080743 0.058193
24 0.472725 0.549703 0.178346 0.126453
24 0.730403 0.611140 0.181328 0.130032
24 0.508514 0.674366 0.211749 0.153891
24 0.433358 0.815135 0.205187 0.153891
24 0.395184 0.331990 0.131821 0.106173
24 0.266345 0.310517 0.138382 0.113330
24 0.740543 0.446513 0.119295 0.118102
24 0.458410 0.412514 0.124067 0.088278
24 0.342097 0.639771 0.149715 0.103787
24 0.334940 0.528826 0.138382 0.096629
24 0.711316 0.855098 0.203398 0.140768
24 0.749490 0.348094 0.130628 0.093050