26 0.743324 0.335582 0.205995 0.126517
17 0.661362 0.508832 0.123144 0.100383
17 0.482773 0.654738 0.119643 0.098049
17 0.766414 0.671080 0.130732 0.112056
17 0.599498 0.864259 0.135401 0.115557
17 0.800264 0.354756 0.113807 0.095714
17 0.443670 0.361759 0.147657 0.114390
17 0.528296 0.500662 0.114974 0.084042
17 0.699881 0.358841 0.118475 0.103885
17 0.837616 0.585871 0.132482 0.109721
17 0.654358 0.668162 0.102718 0.075871
17 0.682372 0.759790 0.118475 0.112056
17 0.814855 0.801811 0.149408 0.112056