9 0.596456 0.574977 0.228850 0.157105
9 0.605359 0.435153 0.199524 0.139300
9 0.812214 0.457672 0.202666 0.138253
9 0.808548 0.593829 0.198476 0.142442
9 0.805930 0.749887 0.195334 0.150821
9 0.582317 0.737842 0.223613 0.160247
21 0.619370 0.526767 0.134688 0.107945
21 0.719535 0.580740 0.158027 0.101137
21 0.605755 0.758217 0.190605 0.133229
21 0.842067 0.765510 0.157055 0.122532
21 0.664104 0.385272 0.151706 0.099193
21 0.469609 0.399859 0.136147 0.112807
21 0.473012 0.768914 0.137605 0.102110
21 0.909168 0.468419 0.141495 0.098220
21 0.558104 0.361447 0.143926 0.096275
21 0.704462 0.816079 0.185257 0.124477