28 0.306365 0.670540 0.584103 0.562005
31 0.171347 0.181750 0.130193 0.096990
31 0.226395 0.291410 0.144611 0.097863
31 0.398093 0.281361 0.136310 0.096990
31 0.372316 0.195294 0.143300 0.094368
31 0.520422 0.163838 0.155096 0.108349
31 0.513869 0.256021 0.172572 0.096990
31 0.583771 0.325487 0.162960 0.108349
31 0.501636 0.422914 0.136310 0.110970
31 0.377122 0.405438 0.162086 0.117960
31 0.218094 0.413302 0.153785 0.096990
31 0.340860 0.554418 0.180436 0.129320
31 0.540956 0.548738 0.190921 0.147669