5 0.364136 0.659172 0.282886 0.132350
5 0.358579 0.528842 0.244999 0.106082
5 0.610650 0.536925 0.234391 0.093958
26 0.591286 0.464271 0.067079 0.064218
26 0.670446 0.517044 0.077888 0.059131
26 0.716860 0.600654 0.073755 0.066125
26 0.653596 0.599065 0.088061 0.065489
26 0.645967 0.658513 0.091558 0.067397
26 0.437736 0.579990 0.077252 0.061674
26 0.421205 0.528489 0.096644 0.059131
26 0.502272 0.536119 0.085517 0.056588
26 0.410714 0.644208 0.083928 0.083292
26 0.536606 0.393695 0.071212 0.061674
26 0.657411 0.418174 0.077252 0.062310
26 0.576980 0.612735 0.095691 0.064853
26 0.576980 0.517680 0.090604 0.055316