9 0.423731 0.686304 0.343038 0.284384
9 0.775063 0.712965 0.334743 0.323486
9 0.796392 0.496122 0.292086 0.195514
21 0.374869 0.296488 0.121871 0.070793
21 0.494052 0.229728 0.119631 0.084235
21 0.475682 0.429561 0.146963 0.111118
21 0.664314 0.466750 0.123216 0.092300
21 0.515111 0.072012 0.118287 0.075274
21 0.353363 0.405814 0.119631 0.094092
21 0.416539 0.500802 0.102605 0.072585
21 0.518695 0.500802 0.120527 0.092300
21 0.665210 0.533958 0.124112 0.092300
21 0.649528 0.227487 0.129040 0.092300
21 0.577839 0.116369 0.102605 0.077962