26 0.519640 0.437990 0.152280 0.131976
26 0.275992 0.429361 0.142635 0.122839
26 0.329798 0.596868 0.099997 0.089845
26 0.112545 0.617680 0.156340 0.073094
26 0.409491 0.361343 0.110149 0.086799
26 0.425734 0.564382 0.114210 0.088830
26 0.267870 0.651182 0.161924 0.101520
26 0.326244 0.250178 0.110149 0.092891
31 0.555400 0.326628 0.229354 0.176875
31 0.507780 0.510791 0.282319 0.193396
31 0.314869 0.328085 0.204572 0.150635
31 0.290087 0.598743 0.261425 0.188537
31 0.344510 0.441791 0.209917 0.140917