6 0.846866 0.312001 0.131798 0.101255
6 0.783268 0.374344 0.184099 0.058577
6 0.683687 0.429155 0.225940 0.086192
6 0.617160 0.379783 0.185773 0.078661
6 0.596240 0.322880 0.171965 0.084518
6 0.731385 0.295683 0.142258 0.103765
31 0.804067 0.258762 0.265684 0.204372
31 0.451649 0.258762 0.225806 0.182439
31 0.421243 0.483571 0.167485 0.139571
31 0.863384 0.537406 0.213843 0.153528
31 0.572777 0.604201 0.162002 0.117639
31 0.630101 0.711371 0.180944 0.134587
31 0.457132 0.692928 0.177953 0.149541
31 0.565300 0.499024 0.181941 0.118636