26 0.538551 0.353400 0.200552 0.117228
26 0.296625 0.653940 0.240777 0.159752
26 0.448906 0.480971 0.183887 0.179290
26 0.514991 0.213186 0.168371 0.142512
26 0.248355 0.266628 0.162625 0.139064
26 0.625897 0.514875 0.136191 0.122974
26 0.506946 0.634402 0.236180 0.196529
26 0.733931 0.690143 0.205149 0.147109
26 0.797142 0.553377 0.186185 0.135617
26 0.791396 0.357997 0.197678 0.137915
21 0.550305 0.442642 0.067684 0.049982
21 0.612089 0.433964 0.071155 0.054842
21 0.701641 0.472839 0.077750 0.059007
21 0.733574 0.577316 0.084345 0.069420
21 0.690534 0.639100 0.081568 0.062478
21 0.596122 0.639447 0.107254 0.083998