26 0.659312 0.485109 0.139279 0.106161
26 0.552244 0.419779 0.159695 0.080755
26 0.728272 0.347644 0.134289 0.114327
26 0.577196 0.343561 0.153797 0.082570
26 0.450620 0.675654 0.123401 0.115235
26 0.613037 0.656146 0.171944 0.110698
26 0.624379 0.574030 0.175574 0.095273
26 0.786342 0.493275 0.134289 0.117049
26 0.540448 0.489646 0.166954 0.097087
9 0.361771 0.494906 0.183019 0.125642
9 0.368891 0.383084 0.159566 0.111403
9 0.534320 0.401093 0.162079 0.110565
9 0.531388 0.509983 0.158728 0.113916
9 0.529294 0.634788 0.156215 0.120617
9 0.350463 0.625155 0.178831 0.128155