17 0.553123 0.395940 0.120819 0.092856
17 0.640176 0.420736 0.115543 0.093912
17 0.798454 0.327352 0.147726 0.122402
17 0.534129 0.300973 0.150364 0.103408
31 0.446021 0.608560 0.107101 0.087580
14 0.771019 0.692975 0.179909 0.252190
17 0.487620 0.420156 0.138321 0.113087
17 0.622670 0.391651 0.154676 0.119629
17 0.758187 0.526701 0.148134 0.131779
17 0.761925 0.369221 0.123367 0.095329
17 0.539958 0.603338 0.145798 0.113087
17 0.764729 0.703807 0.174303 0.145798
17 0.556313 0.501466 0.125704 0.100002
17 0.608651 0.287910 0.160751 0.097198