5 0.702089 0.417418 0.577682 0.508214
22 0.270413 0.605193 0.093841 0.056305
22 0.404136 0.602261 0.076832 0.055132
22 0.280383 0.509593 0.067448 0.057478
22 0.591819 0.527774 0.092082 0.051613
22 0.685660 0.592876 0.095601 0.057478
22 0.582434 0.607539 0.082697 0.068035
22 0.485661 0.662084 0.076832 0.057478
22 0.317920 0.413405 0.067448 0.048094
22 0.838738 0.515458 0.089149 0.045748
22 0.790644 0.599328 0.067448 0.056305
22 0.694457 0.699034 0.100293 0.070381
22 0.492699 0.716043 0.096774 0.059824
22 0.375984 0.483786 0.079765 0.045748
22 0.450470 0.473229 0.068621 0.052786