24 0.216704 0.601507 0.102167 0.147044
24 0.181375 0.725157 0.108851 0.153250
24 0.290226 0.548514 0.100735 0.161366
24 0.364225 0.471650 0.091186 0.157547
13 0.283065 0.338928 0.076386 0.134154
13 0.209543 0.487882 0.084980 0.138928
24 0.145092 0.567133 0.084980 0.130812
24 0.113582 0.421999 0.053471 0.065406
24 0.142705 0.317922 0.046787 0.068748
24 0.203336 0.316490 0.044877 0.061109
24 0.073479 0.322219 0.048219 0.067316
24 0.083983 0.266839 0.032942 0.045832
24 0.058202 0.444437 0.048219 0.078774
24 0.076344 0.384283 0.056335 0.068748
26 0.111195 0.763828 0.066838 0.092141
26 0.127427 0.671209 0.070180 0.111238
26 0.083505 0.625377 0.064451 0.093096
26 0.067750 0.707970 0.059677 0.109328
6 0.407908 0.476640 0.457188 0.265036