8 0.829228 0.549276 0.253109 0.366139
8 0.472749 0.572944 0.270499 0.318802
8 0.854829 0.317420 0.148291 0.230890
8 0.731655 0.321767 0.170028 0.226060
8 0.656302 0.554106 0.163748 0.356479
1 0.600013 0.870390 0.125004 0.146995
1 0.784624 0.872705 0.178825 0.142365
1 0.335537 0.417830 0.182297 0.077549
1 0.341903 0.348384 0.154518 0.086808
1 0.553136 0.474545 0.111114 0.121531
1 0.608693 0.619804 0.126740 0.168986
1 0.727331 0.703719 0.135999 0.130791
1 0.766684 0.514477 0.122110 0.141208
1 0.633578 0.279516 0.123268 0.134263
1 0.814718 0.304401 0.125004 0.135421