0 0.560320 0.399768 0.547867 0.456847
0 0.566738 0.290661 0.502941 0.197792
17 0.551896 0.299122 0.110745 0.091718
17 0.539212 0.430357 0.144407 0.073179
17 0.477741 0.499145 0.149774 0.074155
17 0.567020 0.561592 0.096109 0.105378
17 0.531406 0.651358 0.120990 0.103427
17 0.689473 0.616232 0.158555 0.099524
17 0.834369 0.679654 0.170264 0.119038
17 0.807048 0.526465 0.118551 0.087815
17 0.748017 0.366934 0.114648 0.082937
17 0.791437 0.233260 0.136601 0.090742
17 0.877300 0.593303 0.139041 0.090742