9 0.386782 0.483624 0.148363 0.172552
9 0.521034 0.522730 0.167714 0.181422
9 0.689554 0.552161 0.218109 0.196742
9 0.073610 0.276855 0.131092 0.097440
9 0.331777 0.385847 0.637381 0.299353
9 0.204702 0.275348 0.126070 0.088400
9 0.338808 0.272837 0.112508 0.095431
9 0.337804 0.358725 0.151183 0.110499
9 0.333786 0.468722 0.156708 0.125567
9 0.174064 0.458676 0.163238 0.131595
9 0.484467 0.470229 0.152690 0.124563
9 0.481955 0.359729 0.142142 0.104472
9 0.194657 0.359729 0.143147 0.100454
9 0.462367 0.275348 0.130088 0.084381