21 0.751646 0.213541 0.119669 0.072358
21 0.606930 0.375352 0.127223 0.095417
21 0.775898 0.310548 0.111320 0.080309
21 0.634760 0.268008 0.115693 0.076334
21 0.726996 0.400002 0.138752 0.101778
21 0.665770 0.461626 0.096610 0.064407
21 0.763573 0.467589 0.131596 0.084285
21 0.898350 0.440952 0.120862 0.086671
24 0.470658 0.567952 0.173441 0.122975
24 0.721248 0.627699 0.176341 0.126455
24 0.505462 0.689187 0.205925 0.149658
24 0.432373 0.826083 0.199544 0.149658
24 0.395249 0.356227 0.128195 0.103252
24 0.269954 0.335344 0.134576 0.110213
24 0.731109 0.467600 0.116014 0.114854
24 0.456736 0.434536 0.120655 0.085850
24 0.343623 0.655543 0.145598 0.100932
24 0.336662 0.547650 0.134576 0.093971
24 0.702686 0.864948 0.197804 0.136897
24 0.739810 0.371888 0.127035 0.090491