17 0.394671 0.478517 0.211024 0.159402
26 0.181135 0.604643 0.155490 0.098707
26 0.423126 0.651874 0.146999 0.091277
26 0.296824 0.528756 0.130017 0.082786
26 0.445415 0.484709 0.121526 0.119934
26 0.582861 0.570679 0.130017 0.100830
26 0.305315 0.733068 0.167165 0.105075
26 0.191749 0.683715 0.145937 0.095523
26 0.556858 0.713964 0.151244 0.107198
26 0.548367 0.406168 0.114627 0.098707
26 0.345647 0.365306 0.134262 0.108259
26 0.548898 0.807894 0.169818 0.106136
26 0.682099 0.457644 0.124710 0.087032
26 0.581269 0.496384 0.130017 0.081725
26 0.160969 0.398739 0.115689 0.090216