31 0.296357 0.152781 0.109173 0.089644
31 0.190705 0.190880 0.115256 0.077478
31 0.197749 0.266116 0.113656 0.083241
31 0.297958 0.235381 0.121339 0.088363
31 0.388562 0.196963 0.109173 0.083241
31 0.353025 0.315100 0.132225 0.092845
31 0.250575 0.373369 0.135747 0.112055
31 0.151006 0.090030 0.092205 0.056348
31 0.357187 0.091951 0.098288 0.076838
31 0.444270 0.142536 0.096367 0.084521
9 0.400051 0.586086 0.177566 0.143744
9 0.434225 0.719261 0.178623 0.133879
9 0.470161 0.851378 0.191659 0.128947