21 0.428154 0.257464 0.234412 0.165966
21 0.733435 0.351349 0.221086 0.157486
21 0.454200 0.084229 0.124172 0.119932
21 0.324577 0.093920 0.150217 0.127200
21 0.556566 0.436150 0.158092 0.133257
21 0.426337 0.646333 0.221086 0.168389
21 0.695275 0.736584 0.187166 0.099337
21 0.827321 0.478550 0.162937 0.135680
21 0.689218 0.483395 0.190800 0.147795
21 0.414223 0.429487 0.167783 0.132046
21 0.612897 0.152675 0.148400 0.123566
0 0.350848 0.334983 0.636072 0.393808
0 0.329715 0.297355 0.552568 0.225769