17 0.222669 0.367806 0.143079 0.102603
17 0.529536 0.374395 0.164258 0.108250
17 0.501296 0.258614 0.163317 0.128959
17 0.317741 0.196488 0.135548 0.108250
17 0.398223 0.097650 0.150609 0.096955
17 0.637786 0.127772 0.128018 0.117663
17 0.628373 0.476997 0.141667 0.142137
17 0.440111 0.441228 0.176966 0.110133
17 0.411872 0.554184 0.200969 0.127077
17 0.301739 0.495353 0.145432 0.122370
17 0.626020 0.311798 0.134136 0.090366
31 0.169057 0.430857 0.223114 0.305360
31 0.368548 0.408546 0.213490 0.299673