17 0.265676 0.532043 0.126944 0.109619
17 0.427465 0.516700 0.152714 0.103647
17 0.215209 0.590024 0.201230 0.109160
17 0.337049 0.698633 0.127905 0.130110
17 0.516226 0.666657 0.178075 0.130110
17 0.663979 0.741636 0.167600 0.112468
17 0.636964 0.489685 0.130662 0.102544
17 0.210798 0.237183 0.113019 0.100339
17 0.367923 0.290661 0.116327 0.094826
17 0.530561 0.279083 0.120738 0.106955
17 0.449517 0.327599 0.103096 0.100339
17 0.414785 0.188668 0.104198 0.098134
17 0.240018 0.420220 0.151611 0.111366
17 0.271443 0.511186 0.173664 0.099237
17 0.358551 0.446683 0.129559 0.078287
17 0.575217 0.392654 0.121840 0.078287