9 0.557402 0.391864 0.096954 0.079493
31 0.307088 0.177566 0.167728 0.128858
31 0.560543 0.220164 0.157611 0.128858
31 0.751168 0.203125 0.184767 0.139507
31 0.529128 0.496516 0.185832 0.149092
31 0.257035 0.388957 0.167196 0.142702
31 0.331581 0.479477 0.197547 0.132053
31 0.475348 0.678088 0.219910 0.182105
31 0.716025 0.689803 0.235884 0.173585
31 0.730934 0.317073 0.183170 0.133118
31 0.578647 0.333580 0.163468 0.127793
31 0.372049 0.321333 0.176248 0.120338
31 0.275672 0.725478 0.204469 0.127793
31 0.690999 0.521009 0.189027 0.151222