21 0.287076 0.526927 0.144742 0.084078
21 0.428625 0.447638 0.142081 0.100042
21 0.406807 0.684972 0.174542 0.131971
21 0.630838 0.729140 0.146338 0.109621
21 0.453636 0.260325 0.140485 0.089400
21 0.261533 0.656769 0.142081 0.111749
21 0.336565 0.769583 0.121860 0.086207
21 0.457893 0.769583 0.143146 0.109621
21 0.631903 0.808961 0.147403 0.109621
21 0.613278 0.444977 0.153256 0.109621
21 0.528135 0.313007 0.121860 0.092592
26 0.633415 0.498143 0.226581 0.149027
26 0.645074 0.622332 0.269667 0.162206