26 0.649488 0.367392 0.174395 0.151142
26 0.370456 0.357509 0.163350 0.140678
26 0.432076 0.549344 0.114519 0.102893
26 0.183273 0.573178 0.179045 0.083710
26 0.523343 0.279613 0.126146 0.099405
26 0.541945 0.512139 0.130796 0.101730
26 0.361155 0.611545 0.185440 0.116263
26 0.428007 0.152305 0.126146 0.106381
21 0.459184 0.543476 0.102420 0.064812
21 0.359965 0.801126 0.087617 0.071214
21 0.334360 0.559879 0.085216 0.070413
21 0.459984 0.589885 0.092818 0.068013
21 0.578406 0.498268 0.086417 0.062412
21 0.401573 0.467062 0.098019 0.064012