26 0.543761 0.296938 0.129524 0.123999
26 0.696611 0.398838 0.150395 0.114177
26 0.786234 0.560282 0.142414 0.127682
26 0.664077 0.557213 0.170038 0.126454
26 0.649344 0.672004 0.176790 0.130137
26 0.247269 0.520381 0.149167 0.119088
26 0.215349 0.420937 0.186612 0.114177
26 0.371882 0.435669 0.165127 0.109266
26 0.195091 0.644380 0.162058 0.160830
26 0.438178 0.160662 0.137504 0.119088
26 0.671443 0.207929 0.149167 0.120316
26 0.516138 0.583608 0.184770 0.125227
26 0.516138 0.400066 0.174949 0.106811
19 0.389178 0.761610 0.170393 0.277916
19 0.234502 0.767325 0.131456 0.243623