6 0.386811 0.479866 0.750168 0.483259
6 0.258059 0.542772 0.273964 0.370969
6 0.546133 0.524547 0.362150 0.355095
26 0.243174 0.321430 0.123589 0.099558
26 0.362186 0.337451 0.129883 0.101847
26 0.270066 0.463901 0.128167 0.084682
26 0.667726 0.420988 0.120729 0.101847
26 0.544137 0.193263 0.114435 0.085826
26 0.549286 0.294538 0.149337 0.082393
26 0.111574 0.177242 0.112718 0.067516
26 0.418831 0.066240 0.093264 0.085826
26 0.203122 0.671600 0.128167 0.136177
26 0.370768 0.588062 0.131028 0.097269
26 0.498363 0.574330 0.117296 0.097269
26 0.080676 0.529129 0.125306 0.096125
26 0.119012 0.394096 0.116151 0.091548
26 0.096697 0.315708 0.123589 0.083537
26 0.339299 0.251052 0.123589 0.089259
26 0.391367 0.197268 0.126450 0.080104
26 0.198544 0.095421 0.097842 0.064083