31 0.333339 0.705284 0.247593 0.338863
31 0.554717 0.680525 0.236913 0.332552
26 0.468742 0.394631 0.131402 0.125797
26 0.623809 0.498009 0.152575 0.115833
26 0.714732 0.661794 0.144480 0.129533
26 0.590803 0.658680 0.172504 0.128288
26 0.575857 0.775136 0.179354 0.132025
26 0.167951 0.621315 0.151330 0.120815
26 0.135567 0.520428 0.189318 0.115833
26 0.294370 0.535375 0.167522 0.110851
26 0.115016 0.747112 0.164408 0.163162
26 0.361628 0.256379 0.139498 0.120815
26 0.598276 0.304332 0.151330 0.122060
26 0.440718 0.685459 0.187450 0.127042
26 0.440718 0.499255 0.177486 0.108360