31 0.486130 0.337414 0.117136 0.078091
31 0.561755 0.292204 0.106450 0.084667
31 0.612308 0.234663 0.095353 0.079735
31 0.775065 0.262611 0.111793 0.083023
31 0.642311 0.417559 0.105217 0.082201
31 0.531341 0.535106 0.119602 0.092065
31 0.753282 0.529763 0.131521 0.097819
31 0.635735 0.569220 0.138097 0.099463
31 0.508736 0.404407 0.096586 0.067404
31 0.435988 0.431534 0.115081 0.062472
31 0.440098 0.484553 0.123712 0.066582
31 0.649710 0.325495 0.095353 0.077269
31 0.488596 0.170136 0.088777 0.055896
31 0.715470 0.369883 0.117136 0.069048
31 0.767256 0.422492 0.120424 0.090421
31 0.781230 0.328372 0.113026 0.078091
25 0.394906 0.454227 0.601902 0.215327