26 0.647499 0.612136 0.180571 0.256323
26 0.735142 0.430684 0.112747 0.152385
26 0.620633 0.421435 0.110105 0.122877
31 0.431253 0.328947 0.074871 0.123758
31 0.407030 0.507317 0.080156 0.148861
31 0.315864 0.658820 0.091607 0.151504
31 0.395579 0.660582 0.083239 0.158991
31 0.467367 0.488379 0.065182 0.133006
31 0.518016 0.534182 0.075752 0.139613
31 0.364310 0.333792 0.062099 0.113628
31 0.316744 0.493664 0.077954 0.136089
26 0.544881 0.237340 0.052410 0.106581
26 0.678328 0.339517 0.116711 0.170001
13 0.360670 0.484404 0.121251 0.084174
13 0.303218 0.611668 0.109560 0.107556
13 0.512985 0.430626 0.117577 0.118245