17 0.297420 0.618022 0.155389 0.122744
17 0.445410 0.425636 0.149731 0.121003
17 0.381426 0.778635 0.156695 0.158436
17 0.210803 0.501807 0.107945 0.080089
17 0.433223 0.664595 0.144072 0.097499
17 0.559449 0.736849 0.222855 0.134061
26 0.346621 0.394320 0.131079 0.092174
26 0.380737 0.540362 0.135867 0.092174
26 0.804499 0.479312 0.146641 0.116115
26 0.663245 0.353021 0.141852 0.086189
26 0.654865 0.249475 0.131079 0.089780
26 0.203572 0.250074 0.119707 0.069430
26 0.497451 0.670842 0.148436 0.104145
26 0.812280 0.660667 0.179560 0.095765
26 0.472911 0.406889 0.146641 0.107736
26 0.518998 0.127973 0.102349 0.098159
26 0.325672 0.613383 0.134071 0.128086
26 0.328067 0.763615 0.158013 0.126889
26 0.498050 0.263242 0.143648 0.081400
26 0.435204 0.314117 0.138860 0.089780
26 0.291556 0.165082 0.093970 0.079006