31 0.635901 0.558029 0.136770 0.099965
31 0.466870 0.563482 0.138133 0.099965
31 0.384627 0.620280 0.162215 0.106326
31 0.356909 0.534855 0.125864 0.091786
31 0.406892 0.457156 0.127228 0.092694
31 0.610456 0.470333 0.122229 0.093603
31 0.761312 0.440798 0.147675 0.101782
31 0.749952 0.537582 0.144040 0.100873
31 0.595916 0.822481 0.168577 0.132680
31 0.783122 0.811575 0.184026 0.136315
31 0.382809 0.766137 0.149038 0.099965
31 0.462327 0.688892 0.164942 0.094512
31 0.634993 0.686165 0.151310 0.112687
31 0.754950 0.690255 0.173120 0.109961
31 0.391139 0.712256 0.259765 0.147115
31 0.326326 0.596005 0.224787 0.122424
31 0.571689 0.622753 0.213985 0.143000
31 0.453380 0.530163 0.197525 0.114194
31 0.628272 0.500843 0.181064 0.102877
31 0.728063 0.581087 0.204726 0.115223