26 0.312950 0.599141 0.212627 0.137304
9 0.540031 0.250637 0.144670 0.108637
9 0.519057 0.341527 0.143595 0.120469
9 0.669105 0.353358 0.147897 0.114015
9 0.654584 0.453391 0.150586 0.120469
9 0.641139 0.571171 0.160805 0.127998
9 0.450217 0.688951 0.166183 0.137679
9 0.619627 0.704547 0.178014 0.151662
9 0.789036 0.714228 0.172099 0.143057
9 0.798717 0.578700 0.163494 0.140906
9 0.797641 0.467374 0.154889 0.098957
9 0.813776 0.365728 0.159191 0.106486
9 0.809473 0.266771 0.133376 0.097881
9 0.677172 0.250099 0.146284 0.105410
9 0.381378 0.330233 0.160805 0.110788
9 0.408806 0.231276 0.146284 0.115091