31 0.383910 0.291086 0.091689 0.073224
31 0.310049 0.364628 0.083093 0.058579
31 0.212311 0.434350 0.106970 0.079591
31 0.239691 0.340751 0.120660 0.074497
31 0.383910 0.476374 0.105379 0.080865
31 0.459362 0.333747 0.098375 0.077044
31 0.467958 0.265935 0.096783 0.072587
31 0.226956 0.271347 0.101877 0.069403
31 0.312278 0.290767 0.089142 0.073861
31 0.344433 0.206082 0.080546 0.048391
31 0.289674 0.237600 0.077999 0.055395
31 0.309731 0.411427 0.080546 0.059216
9 0.533316 0.596154 0.163889 0.143476