14 0.452352 0.788143 0.361358 0.268402
14 0.547770 0.320287 0.219770 0.371823
24 0.576736 0.321733 0.150433 0.109873
24 0.698931 0.493217 0.116547 0.116034
24 0.786727 0.338162 0.157621 0.122195
24 0.719468 0.246773 0.110900 0.097551
24 0.414494 0.207752 0.119115 0.085228
24 0.380094 0.272957 0.121682 0.078041
24 0.613702 0.679590 0.147866 0.115007
24 0.826260 0.578959 0.157621 0.106792
24 0.862200 0.471653 0.151974 0.099604
24 0.364178 0.451116 0.128356 0.093443
24 0.464296 0.330461 0.128870 0.086255
24 0.548498 0.422877 0.160188 0.131437
24 0.582897 0.237531 0.132977 0.081121
24 0.725116 0.135360 0.119115 0.080094