26 0.486983 0.446120 0.231285 0.131392
26 0.653713 0.626787 0.190532 0.270462
26 0.746190 0.435326 0.118966 0.160790
26 0.625365 0.425567 0.116178 0.129654
31 0.425540 0.327978 0.079001 0.130584
31 0.399981 0.516186 0.084577 0.157072
31 0.303785 0.676046 0.096660 0.159861
31 0.387898 0.677905 0.087830 0.167761
31 0.463646 0.496203 0.068777 0.140343
31 0.517088 0.544533 0.079930 0.147313
31 0.354904 0.333089 0.065524 0.119895
31 0.304715 0.501780 0.082254 0.143596
26 0.545435 0.231318 0.055301 0.112460
26 0.686243 0.339131 0.123148 0.179379