10 0.232525 0.344706 0.377549 0.240645
10 0.395789 0.569195 0.384352 0.159013
10 0.130484 0.610861 0.173469 0.272958
31 0.191092 0.233660 0.134398 0.116386
31 0.309787 0.267375 0.140402 0.104378
31 0.224807 0.326953 0.142711 0.108996
31 0.301474 0.387455 0.138093 0.100683
31 0.213261 0.460889 0.149177 0.112691
31 0.457117 0.383299 0.136707 0.120081
31 0.584125 0.397154 0.158876 0.107149
31 0.455269 0.178700 0.127932 0.098836
31 0.250209 0.162073 0.139016 0.095141
31 0.423402 0.520468 0.182430 0.121004
31 0.606756 0.515849 0.162571 0.122852
31 0.294546 0.578199 0.173655 0.125623
31 0.475129 0.264142 0.127932 0.101607
31 0.594286 0.246130 0.150101 0.104378
31 0.599366 0.149604 0.142711 0.105301