24 0.470692 0.558858 0.205394 0.149613
24 0.521716 0.296387 0.181179 0.126263
24 0.770783 0.285144 0.157829 0.112426
24 0.665276 0.500916 0.219231 0.147883
24 0.524743 0.692040 0.219231 0.147883
24 0.772080 0.609018 0.197178 0.163450
17 0.216504 0.676278 0.144247 0.117450
17 0.442282 0.766361 0.188718 0.115169
17 0.547189 0.694522 0.176175 0.115169
17 0.523242 0.356996 0.120301 0.131133
17 0.677752 0.439667 0.136835 0.125432
17 0.648675 0.809692 0.157930 0.165342
17 0.159490 0.853023 0.157930 0.131133
17 0.148657 0.581634 0.106617 0.064997
17 0.198259 0.475587 0.165912 0.092364