28 0.480130 0.335868 0.405953 0.430807
24 0.366996 0.570242 0.182339 0.129284
24 0.630441 0.633054 0.185388 0.132943
24 0.403585 0.697696 0.216489 0.157336
24 0.326747 0.841615 0.209781 0.157336
24 0.287718 0.347654 0.134772 0.108549
24 0.155995 0.325701 0.141480 0.115867
24 0.640809 0.464741 0.121966 0.120746
24 0.352360 0.429981 0.126844 0.090255
24 0.233443 0.662326 0.153067 0.106110
24 0.226125 0.548898 0.141480 0.098792
24 0.610927 0.882474 0.207952 0.143920
24 0.649956 0.364120 0.133552 0.095133