1 0.499273 0.506674 0.109033 0.130683
1 0.330802 0.625154 0.095650 0.120448
1 0.280419 0.744421 0.110214 0.102342
1 0.380005 0.742847 0.086990 0.110214
1 0.470538 0.727102 0.097618 0.141704
1 0.362292 0.532259 0.097618 0.104703
1 0.266248 0.547610 0.123991 0.113363
1 0.602008 0.418896 0.146821 0.126746
24 0.261354 0.526323 0.120784 0.105686
24 0.142457 0.379118 0.144847 0.111348
24 0.330711 0.383364 0.143431 0.100968
24 0.270319 0.299381 0.133523 0.093419
24 0.438284 0.310233 0.119369 0.090588
24 0.535006 0.345147 0.119369 0.101912
24 0.504338 0.673057 0.181176 0.155698
24 0.197187 0.702310 0.150980 0.106630
24 0.378836 0.593321 0.137298 0.088701
24 0.417524 0.500845 0.133523 0.092475
24 0.126887 0.478198 0.158529 0.117010