24 0.372815 0.257711 0.107918 0.085835
24 0.255730 0.339379 0.133335 0.092501
24 0.392816 0.483965 0.112085 0.108335
24 0.512401 0.542716 0.122085 0.092501
24 0.637820 0.492298 0.164586 0.111668
24 0.533651 0.444381 0.126669 0.089168
24 0.569485 0.372296 0.107918 0.083335
24 0.636153 0.291462 0.114585 0.083335
24 0.539485 0.253128 0.110002 0.080001
24 0.356982 0.146043 0.115419 0.082501
24 0.494484 0.122709 0.097918 0.064168
24 0.253647 0.263544 0.117919 0.075835
24 0.254480 0.431047 0.130835 0.112502
24 0.535735 0.179793 0.126669 0.075001
24 0.662403 0.186460 0.082085 0.085001
32 0.476435 0.439359 0.462308 0.471118