24 0.565384 0.467728 0.136705 0.104688
24 0.690909 0.638990 0.116377 0.113836
24 0.779335 0.487039 0.158557 0.104688
24 0.709712 0.391499 0.116377 0.090459
24 0.403270 0.344745 0.113836 0.084360
24 0.339746 0.590711 0.132639 0.090459
24 0.848449 0.623236 0.128573 0.100623
24 0.813892 0.730465 0.157032 0.109770
24 0.573007 0.384384 0.130098 0.082328
24 0.535401 0.565810 0.150426 0.134164
24 0.454090 0.477384 0.109770 0.083344
24 0.719368 0.271056 0.130098 0.091475
24 0.590286 0.819907 0.151950 0.095541