14 0.582368 0.663262 0.287424 0.093943
26 0.092721 0.573473 0.138096 0.087665
26 0.307643 0.615421 0.130555 0.081067
26 0.195469 0.506075 0.115473 0.073526
26 0.327438 0.466955 0.107932 0.106518
26 0.449510 0.543309 0.115473 0.089551
26 0.203010 0.687532 0.148465 0.093321
26 0.102148 0.643700 0.129613 0.084837
26 0.426415 0.670565 0.134326 0.095206
26 0.418874 0.397200 0.101805 0.087665
26 0.238830 0.360908 0.119244 0.096149
26 0.419345 0.753988 0.150822 0.094264
26 0.537646 0.442918 0.110760 0.077296
26 0.448096 0.477324 0.115473 0.072583
26 0.074811 0.390602 0.102747 0.080124