13 0.407464 0.449679 0.134826 0.092983
13 0.762544 0.530459 0.172019 0.119716
13 0.560306 0.522323 0.170276 0.115067
13 0.309832 0.590898 0.165627 0.105769
13 0.537060 0.365413 0.160977 0.135988
17 0.200147 0.447798 0.116237 0.094644
17 0.382084 0.520389 0.152074 0.092806
17 0.466620 0.462500 0.141966 0.092806
17 0.447324 0.190513 0.096941 0.105670
17 0.571831 0.257132 0.110265 0.101076
17 0.548400 0.555306 0.127264 0.133237
17 0.154203 0.590223 0.127264 0.105670
17 0.145474 0.371531 0.085915 0.052376
17 0.185445 0.286076 0.133696 0.074429