35 0.543232 0.241157 0.151869 0.349610
35 0.296521 0.410383 0.236172 0.345890
35 0.720516 0.526300 0.191541 0.391761
35 0.805439 0.241157 0.160548 0.225635
35 0.613897 0.446956 0.183483 0.349610
21 0.566361 0.638072 0.089251 0.080987
21 0.636605 0.897974 0.101234 0.083466
21 0.522562 0.786410 0.087185 0.068591
21 0.554791 0.829383 0.088012 0.063633
21 0.602309 0.794674 0.092557 0.080161
21 0.762631 0.668648 0.071484 0.062806
21 0.691973 0.814508 0.111151 0.090078
21 0.714699 0.557084 0.097102 0.067765
21 0.601896 0.540556 0.067352 0.059501
21 0.477110 0.648815 0.097928 0.084293
21 0.716765 0.926072 0.110324 0.086772
21 0.790315 0.844672 0.076029 0.059501