24 0.354942 0.426586 0.082250 0.118379
24 0.326500 0.526132 0.087631 0.123375
24 0.414131 0.383924 0.081097 0.129909
24 0.473705 0.322044 0.073410 0.126834
13 0.408366 0.215196 0.061495 0.108001
13 0.349177 0.335112 0.068414 0.111845
24 0.297290 0.398913 0.068414 0.105311
24 0.271923 0.282072 0.043047 0.052655
24 0.295368 0.198285 0.037666 0.055346
24 0.344180 0.197131 0.036129 0.049196
24 0.239638 0.201744 0.038819 0.054193
24 0.248093 0.157159 0.026520 0.036897
24 0.227339 0.300136 0.038819 0.063417
24 0.241944 0.251709 0.045353 0.055346
26 0.270001 0.557264 0.053808 0.074179
26 0.283069 0.482701 0.056499 0.089553
26 0.247709 0.445803 0.051887 0.074947
26 0.235026 0.512295 0.048043 0.088015
23 0.527406 0.572732 0.200022 0.310665