21 0.216738 0.705408 0.092852 0.131024
21 0.489620 0.812188 0.123803 0.141857
21 0.642310 0.643507 0.102137 0.146500
21 0.610327 0.710051 0.115549 0.140825
21 0.610843 0.824052 0.142889 0.161975
22 0.410090 0.433802 0.261176 0.098712
22 0.421606 0.578580 0.073623 0.039485
22 0.558569 0.565830 0.057993 0.046888
22 0.347983 0.523877 0.053880 0.043598
22 0.319604 0.572410 0.060461 0.045243
22 0.383355 0.618476 0.071155 0.045243
22 0.265312 0.340025 0.052647 0.041130
22 0.585715 0.624234 0.059227 0.050179