0 0.332890 0.526836 0.368295 0.124636
31 0.174190 0.277584 0.126442 0.097140
31 0.365258 0.309696 0.118815 0.097140
31 0.508960 0.296851 0.139287 0.105168
31 0.341575 0.518024 0.140090 0.112393
31 0.136458 0.436941 0.126041 0.107576
31 0.192654 0.505180 0.148921 0.099548
31 0.301033 0.654903 0.165780 0.137280
31 0.482467 0.663734 0.177822 0.130857
31 0.493707 0.382751 0.138083 0.100351
31 0.378905 0.395195 0.123231 0.096337
31 0.223161 0.385963 0.132864 0.090717
31 0.150507 0.690628 0.154139 0.096337
31 0.463602 0.536489 0.142498 0.113999