20 0.151659 0.814905 0.177993 0.247050
20 0.335811 0.813284 0.203930 0.250292
24 0.388623 0.610095 0.131512 0.093246
24 0.578633 0.655399 0.133711 0.095885
24 0.415013 0.702022 0.156143 0.113478
24 0.359594 0.805823 0.151304 0.113478
24 0.331444 0.449554 0.097204 0.078291
24 0.236439 0.433720 0.102043 0.083569
24 0.586111 0.534003 0.087968 0.087088
24 0.378067 0.508932 0.091486 0.065096
24 0.292298 0.676511 0.110399 0.076532
24 0.287020 0.594701 0.102043 0.071254
24 0.564559 0.835293 0.149985 0.103802
24 0.592708 0.461430 0.096325 0.068615