35 0.722195 0.636964 0.324031 0.378490
17 0.558015 0.730210 0.145975 0.087294
17 0.254427 0.869880 0.133365 0.104753
17 0.460052 0.880064 0.151309 0.113482
17 0.652583 0.533799 0.104753 0.094083
17 0.524067 0.468814 0.093113 0.101843
17 0.452293 0.505186 0.120271 0.075655
17 0.534252 0.633217 0.137245 0.112512
17 0.692835 0.749608 0.148884 0.083414
17 0.297589 0.723905 0.106207 0.080504
17 0.272855 0.568716 0.131911 0.076625
17 0.710779 0.445535 0.107177 0.084384
17 0.478481 0.785011 0.147429 0.088264
17 0.639004 0.818958 0.118817 0.117362
17 0.580808 0.900433 0.106207 0.109602