31 0.516997 0.373762 0.418801 0.301032
31 0.432877 0.662777 0.483694 0.379144
17 0.506737 0.614530 0.131728 0.116082
17 0.347250 0.204709 0.138794 0.071668
17 0.430526 0.165342 0.109016 0.103969
17 0.569320 0.229440 0.111540 0.096903
17 0.472417 0.436874 0.149393 0.091856
17 0.563264 0.526711 0.134756 0.122139
17 0.365419 0.596865 0.167057 0.113054
17 0.757070 0.342494 0.099427 0.066621
17 0.648054 0.280920 0.110530 0.084790
17 0.631903 0.135060 0.118606 0.087819
17 0.444658 0.341989 0.155954 0.118101
17 0.555693 0.378328 0.117092 0.081762
17 0.605154 0.449491 0.123653 0.088828
17 0.682879 0.512580 0.158982 0.075706