31 0.465033 0.163704 0.130638 0.100363
31 0.662443 0.196882 0.122759 0.100363
31 0.810914 0.183611 0.143910 0.108658
31 0.637974 0.412124 0.144739 0.116123
31 0.426049 0.328350 0.130224 0.111146
31 0.484111 0.398853 0.153863 0.102852
31 0.596087 0.553546 0.171281 0.141836
31 0.783542 0.562670 0.183723 0.135200
31 0.795155 0.272362 0.142665 0.103681
31 0.676543 0.285218 0.127321 0.099534
31 0.515630 0.275680 0.137274 0.093728
31 0.440565 0.590456 0.159254 0.099534
31 0.764050 0.431202 0.147227 0.117782
1 0.553169 0.599921 0.153389 0.425005
1 0.390098 0.548452 0.180398 0.530491