2 0.424723 0.347792 0.291416 0.225632
5 0.142529 0.526699 0.191203 0.142019
4 0.689702 0.551291 0.256987 0.051029
4 0.645437 0.596787 0.336911 0.111279
22 0.500584 0.460190 0.051667 0.031000
22 0.574210 0.458576 0.042302 0.030354
22 0.506074 0.407554 0.037136 0.031646
22 0.677544 0.417565 0.050698 0.028417
22 0.729211 0.453409 0.052636 0.031646
22 0.672377 0.461482 0.045532 0.037459
22 0.619095 0.491514 0.042302 0.031646
22 0.526740 0.354596 0.037136 0.026479
22 0.813493 0.410784 0.049084 0.025188
22 0.787014 0.456961 0.037136 0.031000
22 0.734055 0.511857 0.055219 0.038750
22 0.622971 0.521222 0.053282 0.032938
22 0.558709 0.393346 0.043917 0.025188
22 0.599720 0.387533 0.037782 0.029063