26 0.500509 0.451303 0.086023 0.069297
26 0.583347 0.462454 0.090404 0.070890
26 0.519227 0.550469 0.089210 0.058942
26 0.796016 0.520600 0.084032 0.070890
26 0.709992 0.362093 0.079651 0.059739
26 0.713577 0.432585 0.103945 0.057349
26 0.408910 0.350942 0.078457 0.046994
26 0.622774 0.273680 0.064916 0.059739
26 0.472631 0.695036 0.089210 0.094785
26 0.589320 0.636891 0.091201 0.067704
26 0.678132 0.627332 0.081643 0.067704
26 0.387404 0.595870 0.087218 0.066907
26 0.414087 0.501882 0.080846 0.063721
26 0.398555 0.447320 0.086023 0.058146
26 0.567416 0.402317 0.086023 0.062128
26 0.603658 0.364881 0.088015 0.055756
26 0.469445 0.293991 0.068102 0.044605
26 0.513693 0.525866 0.221127 0.187060
26 0.714999 0.589664 0.254575 0.161045
26 0.263454 0.600194 0.190157 0.144940
26 0.272745 0.467642 0.171575 0.164761
26 0.160014 0.275007 0.188299 0.153612
26 0.369992 0.207493 0.168478 0.125119
26 0.707566 0.416851 0.196351 0.182105
26 0.466619 0.775485 0.203164 0.163522
26 0.435029 0.417470 0.222985 0.118925