24 0.486778 0.370149 0.254112 0.151188
24 0.828696 0.371312 0.215152 0.154096
24 0.337266 0.459187 0.114140 0.087409
24 0.442072 0.602181 0.097168 0.095046
24 0.515902 0.475311 0.132386 0.087409
24 0.457771 0.395540 0.097168 0.075528
24 0.201910 0.356503 0.095046 0.070436
24 0.148871 0.561871 0.110746 0.075528
24 0.573609 0.589027 0.107351 0.084014
24 0.544756 0.678557 0.131113 0.091652
24 0.343631 0.389599 0.108624 0.068739
24 0.312232 0.541079 0.125597 0.112019
24 0.244341 0.467249 0.091652 0.069587
24 0.465833 0.294977 0.108624 0.076377
24 0.358057 0.753236 0.126870 0.079771