21 0.419690 0.384708 0.127917 0.099201
21 0.528289 0.387841 0.122696 0.113820
21 0.646808 0.388363 0.147757 0.110687
21 0.673957 0.485476 0.148801 0.106511
21 0.690665 0.697974 0.148801 0.113820
21 0.600862 0.813361 0.183783 0.114864
21 0.423867 0.798742 0.181172 0.137837
26 0.440150 0.544888 0.132605 0.092720
26 0.569129 0.540745 0.110849 0.104633
26 0.345358 0.469262 0.123799 0.116547
26 0.238135 0.508629 0.131051 0.117583
26 0.358826 0.750011 0.096346 0.078734
26 0.646309 0.781091 0.103597 0.103597
26 0.659776 0.642270 0.119655 0.126389
26 0.456207 0.609119 0.158504 0.076662