31 0.446734 0.192608 0.125569 0.100280
31 0.345581 0.293325 0.113797 0.080224
31 0.211729 0.388809 0.146497 0.109000
31 0.249225 0.260624 0.165245 0.102024
31 0.446734 0.446361 0.144317 0.110744
31 0.550066 0.251032 0.134725 0.105512
31 0.561838 0.158164 0.132545 0.099408
31 0.231785 0.165576 0.139521 0.095048
31 0.348633 0.192172 0.122081 0.101152
31 0.392670 0.076196 0.110308 0.066272
31 0.317677 0.119360 0.106820 0.075864
31 0.345145 0.357417 0.110308 0.081096
17 0.682674 0.591671 0.287377 0.180297
17 0.541273 0.715225 0.311173 0.183958
17 0.340841 0.546368 0.161078 0.115317
17 0.492767 0.880879 0.311173 0.178467