24 0.392144 0.395818 0.134509 0.095371
24 0.586485 0.442154 0.136759 0.098070
24 0.419136 0.489840 0.159702 0.116065
24 0.362453 0.596008 0.154753 0.116065
24 0.333661 0.231618 0.099420 0.080076
24 0.236491 0.215423 0.104369 0.085474
24 0.594133 0.317992 0.089973 0.089073
24 0.381347 0.292350 0.093572 0.066580
24 0.293623 0.463748 0.112916 0.078276
24 0.288225 0.380073 0.104369 0.072878
24 0.572090 0.626149 0.153404 0.106168
24 0.600881 0.243764 0.098520 0.070179
26 0.586098 0.504715 0.206001 0.118129