17 0.347683 0.301715 0.114016 0.095944
17 0.144952 0.355273 0.097259 0.072944
17 0.288211 0.419017 0.126173 0.075573
17 0.261596 0.490318 0.130445 0.097259
17 0.411756 0.454174 0.094630 0.102516
17 0.356555 0.376630 0.112045 0.070973
17 0.230381 0.252100 0.082473 0.069001
17 0.141337 0.230085 0.106130 0.056515
17 0.293797 0.189342 0.102516 0.057829
17 0.101579 0.468960 0.101530 0.078201
17 0.106508 0.533690 0.125188 0.064401
17 0.110451 0.296458 0.066701 0.048629
17 0.240206 0.235308 0.088777 0.068231
17 0.304173 0.253529 0.084901 0.069006
17 0.420475 0.184911 0.108549 0.089940
17 0.226250 0.165527 0.110487 0.075984
31 0.161509 0.391541 0.078698 0.064354
14 0.400316 0.453569 0.132197 0.185308