31 0.391990 0.398825 0.151915 0.081675
31 0.537780 0.519704 0.137214 0.120879
31 0.644774 0.447830 0.140481 0.095968
31 0.590052 0.379631 0.114753 0.079225
31 0.496534 0.354312 0.120062 0.092701
31 0.518586 0.428228 0.128229 0.079225
31 0.423844 0.469474 0.145381 0.084942
13 0.542857 0.386904 0.118025 0.077547
13 0.367311 0.433773 0.128251 0.075843
13 0.441875 0.340035 0.097573 0.070730
13 0.497266 0.605485 0.111208 0.085217
13 0.694116 0.388608 0.124842 0.082660
13 0.531353 0.284218 0.077121 0.092034