10 0.370657 0.457319 0.386878 0.112873
10 0.330579 0.507212 0.467034 0.106330
31 0.435598 0.358871 0.154807 0.119930
31 0.465580 0.465340 0.156643 0.119930
31 0.357888 0.516126 0.173164 0.123601
31 0.376857 0.728450 0.193968 0.149300
31 0.536559 0.761492 0.197639 0.176223
31 0.712170 0.708870 0.202534 0.141957
31 0.741540 0.554063 0.176223 0.138286
31 0.882274 0.577315 0.145017 0.138286
31 0.565929 0.409046 0.164597 0.119930
31 0.757449 0.404151 0.192744 0.129720
31 0.742764 0.305025 0.156643 0.102797
31 0.507800 0.275043 0.166433 0.123601
31 0.887781 0.385182 0.134615 0.126048