32 0.618568 0.640600 0.486955 0.481099
31 0.264867 0.286244 0.116039 0.089896
31 0.287341 0.366049 0.117415 0.089896
31 0.206618 0.404118 0.129799 0.092648
31 0.220836 0.563270 0.145393 0.111911
31 0.340545 0.588037 0.148145 0.132092
31 0.472178 0.548593 0.151814 0.106407
31 0.494193 0.432554 0.132092 0.103656
31 0.599683 0.449983 0.108701 0.103656
31 0.362560 0.323853 0.123378 0.089896
31 0.506118 0.320184 0.144476 0.097234
31 0.495111 0.245882 0.117415 0.077054
31 0.318988 0.223408 0.124754 0.092648
31 0.603811 0.305966 0.100904 0.094482