17 0.668088 0.579095 0.110446 0.090032
17 0.507915 0.709955 0.107305 0.087938
17 0.762307 0.724611 0.117251 0.100500
17 0.612603 0.897870 0.121438 0.103641
17 0.792666 0.440907 0.102071 0.085844
17 0.472845 0.447188 0.132430 0.102594
17 0.548743 0.571767 0.103118 0.075375
17 0.702635 0.444571 0.106258 0.093172
17 0.826166 0.648189 0.118821 0.098407
17 0.661806 0.721994 0.092125 0.068047
17 0.686931 0.804174 0.106258 0.100500
17 0.805752 0.841862 0.134001 0.100500
25 0.558795 0.414281 0.730090 0.619436