26 0.412280 0.582799 0.234236 0.147056
26 0.437668 0.725544 0.224656 0.176755
31 0.183130 0.285273 0.169385 0.126186
31 0.254749 0.427943 0.188143 0.127323
31 0.478133 0.414870 0.177343 0.126186
31 0.444597 0.302894 0.186437 0.122776
31 0.637287 0.261969 0.201784 0.140965
31 0.628761 0.381903 0.224521 0.126186
31 0.719706 0.472279 0.212016 0.140965
31 0.612846 0.599034 0.177343 0.144375
31 0.450850 0.576298 0.210879 0.153470
31 0.243950 0.586529 0.200079 0.126186
31 0.403672 0.770124 0.234752 0.168248
31 0.664002 0.762735 0.248394 0.192121