10 0.244346 0.629826 0.310489 0.089602
10 0.245515 0.708909 0.326072 0.176086
17 0.734753 0.748596 0.097700 0.086096
17 0.616465 0.444640 0.102941 0.053155
17 0.678229 0.415443 0.080855 0.077112
17 0.781170 0.462982 0.082727 0.071871
17 0.709299 0.616832 0.110802 0.068128
17 0.776678 0.683463 0.099946 0.090588
17 0.629941 0.735495 0.123903 0.083850
17 0.920421 0.546832 0.073743 0.049412
17 0.839566 0.501164 0.081978 0.062887
17 0.827587 0.392983 0.087968 0.065133
17 0.688711 0.546458 0.115668 0.087593
17 0.771063 0.573410 0.086845 0.060641
17 0.807748 0.626190 0.091711 0.065882
17 0.865394 0.672982 0.117914 0.056149