35 0.234396 0.500581 0.103539 0.209102
35 0.501170 0.310703 0.095445 0.192239
35 0.345018 0.403112 0.144685 0.186843
35 0.323096 0.322844 0.129508 0.178748
24 0.479849 0.391658 0.179783 0.127471
24 0.739602 0.453590 0.182789 0.131079
24 0.515926 0.517325 0.213454 0.155130
24 0.440164 0.659227 0.206840 0.155130
24 0.401682 0.172191 0.132883 0.107028
24 0.271806 0.150545 0.139497 0.114243
24 0.749823 0.287636 0.120256 0.119053
24 0.465418 0.253364 0.125066 0.088989
24 0.348169 0.482451 0.150921 0.104623
24 0.340953 0.370613 0.139497 0.097407
24 0.720361 0.699513 0.205036 0.141902
24 0.758843 0.188425 0.131680 0.093800