21 0.535961 0.518232 0.097867 0.078684
21 0.556770 0.654465 0.151840 0.130055
21 0.445898 0.589438 0.120626 0.119651
21 0.675445 0.578058 0.115424 0.077383
21 0.687801 0.735425 0.106645 0.070880
26 0.534065 0.485125 0.083711 0.056043
26 0.642960 0.477676 0.067039 0.047176
26 0.554993 0.565998 0.078745 0.105702
26 0.490082 0.544715 0.070941 0.077681
26 0.713901 0.542233 0.090805 0.056753
26 0.734829 0.382615 0.085839 0.061364
26 0.652537 0.324443 0.076971 0.096835
26 0.567053 0.361333 0.084775 0.090805
26 0.546835 0.430855 0.073779 0.045048