26 0.361459 0.385462 0.102311 0.082898
26 0.389791 0.463114 0.125921 0.089194
26 0.678360 0.534994 0.125921 0.096540
26 0.154739 0.452620 0.100737 0.076602
26 0.305844 0.577492 0.123298 0.080799
26 0.251278 0.774768 0.120150 0.120674
26 0.425469 0.336668 0.124347 0.075553
26 0.563457 0.421665 0.140087 0.075553
26 0.402383 0.695543 0.117526 0.083947
26 0.675737 0.696068 0.144809 0.091293
26 0.557161 0.331946 0.110706 0.082898
26 0.239735 0.246949 0.082373 0.064010
26 0.165232 0.315156 0.110706 0.059813
26 0.280135 0.447898 0.110706 0.086046
26 0.516762 0.677179 0.113329 0.089194
26 0.443832 0.218092 0.090768 0.075553
8 0.568611 0.329751 0.466130 0.163442
8 0.579967 0.444803 0.501682 0.166405