29 0.446956 0.435819 0.551198 0.197140
26 0.229238 0.632097 0.088184 0.062010
26 0.252190 0.730348 0.091405 0.062010
26 0.537277 0.689276 0.098653 0.078117
26 0.442248 0.604313 0.095432 0.057984
26 0.436611 0.534652 0.088184 0.060400
26 0.133001 0.535055 0.080533 0.046709
26 0.330710 0.818129 0.099861 0.070064
26 0.542512 0.811283 0.120800 0.064426
26 0.314201 0.640553 0.098653 0.072480
26 0.345206 0.452911 0.068856 0.066037
26 0.215145 0.779473 0.090197 0.086170
26 0.216756 0.880542 0.106304 0.085365
26 0.331113 0.543913 0.096640 0.054763
26 0.288833 0.578140 0.093418 0.060400
26 0.192193 0.477876 0.063218 0.053152