17 0.304196 0.682339 0.105430 0.157754
17 0.726829 0.538228 0.175945 0.148057
17 0.413982 0.620877 0.150085 0.112564
17 0.635054 0.719243 0.194705 0.116620
17 0.593983 0.829272 0.201297 0.150085
17 0.825703 0.773497 0.146029 0.158198
17 0.740519 0.653835 0.172902 0.109522
17 0.545814 0.461665 0.127268 0.106479
17 0.408405 0.427693 0.163775 0.087212
17 0.643674 0.364819 0.158198 0.089240
17 0.347052 0.796314 0.156677 0.120677
17 0.354658 0.896202 0.193184 0.099381
17 0.360743 0.530116 0.102930 0.075043