17 0.542601 0.587229 0.121629 0.107183
17 0.395341 0.208828 0.128153 0.066174
17 0.472233 0.172479 0.100659 0.095998
17 0.600386 0.231662 0.102989 0.089474
17 0.510912 0.423193 0.137939 0.084814
17 0.594794 0.506143 0.124425 0.112775
17 0.412117 0.570919 0.154250 0.104387
17 0.773742 0.336049 0.091804 0.061514
17 0.673084 0.279195 0.102057 0.078290
17 0.658172 0.144518 0.109513 0.081086
17 0.485281 0.335583 0.143998 0.109047
17 0.587804 0.369136 0.108115 0.075494
17 0.633473 0.434843 0.114173 0.082018
17 0.705239 0.493095 0.146794 0.069902
35 0.420243 0.577129 0.163385 0.277627
35 0.302810 0.586383 0.175831 0.288477