17 0.638335 0.615610 0.223409 0.112379
17 0.437634 0.497445 0.152472 0.091179
17 0.120532 0.643332 0.139302 0.109415
17 0.335310 0.653970 0.158044 0.118533
17 0.536412 0.292291 0.109415 0.098271
17 0.402175 0.224413 0.097258 0.106376
17 0.327205 0.262404 0.125625 0.079022
17 0.412813 0.396134 0.143354 0.117520
17 0.578455 0.517707 0.155512 0.087127
17 0.165615 0.490860 0.110935 0.084088
17 0.139781 0.328763 0.137782 0.080035
17 0.597198 0.200098 0.111948 0.088140
17 0.354559 0.554685 0.153992 0.092193
17 0.522228 0.590144 0.124105 0.122586
17 0.461442 0.675245 0.110935 0.114481