22 0.474635 0.390797 0.037034 0.028556
22 0.561196 0.395259 0.044173 0.032126
22 0.447864 0.421584 0.037926 0.034803
22 0.419754 0.331008 0.034357 0.028556
24 0.847809 0.265318 0.115284 0.074377
24 0.767009 0.218664 0.101761 0.073025
24 0.855923 0.195336 0.095676 0.070996
24 0.760923 0.120283 0.083843 0.072348
24 0.684518 0.168290 0.064911 0.053416
24 0.654429 0.250443 0.109199 0.077082
24 0.769037 0.362008 0.100071 0.081138
24 0.926581 0.410353 0.096352 0.091281
24 0.830229 0.415424 0.109199 0.079786