26 0.524398 0.393950 0.172418 0.113829
26 0.418380 0.470394 0.209803 0.152888
26 0.160590 0.475974 0.189158 0.128337
26 0.400525 0.629420 0.278436 0.160700
26 0.345284 0.755525 0.248304 0.167396
26 0.348074 0.329781 0.176882 0.123873
26 0.244288 0.386138 0.209803 0.102670
26 0.474179 0.184705 0.131127 0.119409
26 0.373741 0.226554 0.138381 0.111597
26 0.660547 0.386696 0.141171 0.132801
26 0.886390 0.503851 0.188457 0.198481
13 0.759582 0.712356 0.164399 0.104253
13 0.568118 0.699826 0.169912 0.113275
13 0.423267 0.624644 0.146856 0.101246