31 0.538009 0.243997 0.135127 0.104683
31 0.564180 0.336930 0.136729 0.104683
31 0.470178 0.381260 0.151150 0.107888
31 0.486735 0.566592 0.169309 0.130320
31 0.626135 0.595434 0.172514 0.153820
31 0.779421 0.549501 0.176787 0.123911
31 0.805058 0.414374 0.153820 0.120706
31 0.927901 0.434670 0.126581 0.120706
31 0.651772 0.287793 0.143672 0.104683
31 0.818945 0.283520 0.168241 0.113229
31 0.806126 0.196996 0.136729 0.089729
31 0.601032 0.170826 0.145275 0.107888
31 0.932707 0.266963 0.117502 0.110024
17 0.667276 0.397914 0.307204 0.261373
17 0.823828 0.544936 0.285876 0.220533