24 0.440529 0.409881 0.129013 0.098798
24 0.558991 0.571506 0.109829 0.107431
24 0.642441 0.428105 0.149635 0.098798
24 0.576736 0.337940 0.109829 0.085369
24 0.287537 0.293817 0.107431 0.079614
24 0.227587 0.525944 0.125176 0.085369
24 0.707667 0.556638 0.121339 0.094961
24 0.675054 0.657834 0.148197 0.103594
24 0.447723 0.331226 0.122778 0.077695
24 0.412233 0.502443 0.141962 0.126615
24 0.335497 0.418993 0.103594 0.078654
24 0.585848 0.224275 0.122778 0.086328
24 0.464030 0.742244 0.143401 0.090165
14 0.596884 0.443354 0.073530 0.176158
14 0.477348 0.085927 0.239071 0.047972