31 0.376329 0.301642 0.186746 0.105761
31 0.329735 0.218068 0.161600 0.088011
31 0.506126 0.237298 0.153834 0.102802
31 0.421074 0.170735 0.142001 0.082094
31 0.546803 0.149657 0.130167 0.073959
31 0.618543 0.207344 0.147178 0.082834
26 0.573621 0.594448 0.197900 0.167412
26 0.753783 0.651545 0.227835 0.144129
26 0.349667 0.660969 0.170183 0.129716
26 0.357982 0.542340 0.153553 0.147455
26 0.257092 0.369939 0.168520 0.137477
26 0.445014 0.309516 0.150781 0.111977
26 0.747131 0.496884 0.175727 0.162977
26 0.531491 0.817848 0.181824 0.146347
26 0.503220 0.497438 0.199563 0.106434