14 0.587931 0.405682 0.178539 0.270702
14 0.474842 0.405237 0.131789 0.214603
26 0.368883 0.451835 0.130347 0.091660
26 0.402809 0.597062 0.135109 0.091660
26 0.824205 0.536352 0.145822 0.115467
26 0.683740 0.410766 0.141061 0.085708
26 0.675407 0.307798 0.130347 0.089279
26 0.226632 0.308393 0.119039 0.069042
26 0.518871 0.726814 0.147608 0.103564
26 0.831943 0.716695 0.178558 0.095231
26 0.494468 0.464334 0.145822 0.107135
26 0.540298 0.186974 0.101778 0.097612
26 0.348051 0.669675 0.133323 0.127371
26 0.350432 0.819069 0.157131 0.126181
26 0.519466 0.321488 0.142846 0.080946
26 0.456971 0.372079 0.138085 0.089279
26 0.314125 0.223876 0.093445 0.078565