31 0.676884 0.494253 0.121298 0.088656
31 0.526974 0.499089 0.122507 0.088656
31 0.454034 0.549462 0.143865 0.094298
31 0.429452 0.473701 0.111627 0.081403
31 0.473780 0.404791 0.112835 0.082209
31 0.654317 0.416477 0.108403 0.083015
31 0.788108 0.390283 0.130970 0.090268
31 0.778033 0.476119 0.127746 0.089462
31 0.641422 0.728790 0.149507 0.117671
31 0.807451 0.719118 0.163208 0.120895
31 0.452422 0.678820 0.132179 0.088656
31 0.522944 0.610313 0.146283 0.083821
31 0.676078 0.607895 0.134194 0.099940
31 0.782466 0.611521 0.153537 0.097522
22 0.623869 0.480453 0.346658 0.276340
22 0.591383 0.519108 0.156675 0.115142