22 0.366456 0.532659 0.077676 0.050975
22 0.489645 0.635822 0.074641 0.065539
22 0.325191 0.686796 0.085565 0.058257
22 0.714176 0.783284 0.084351 0.064325
22 0.567927 0.705608 0.089206 0.054616
22 0.509671 0.796028 0.118334 0.063111
22 0.368277 0.786318 0.094060 0.075248
22 0.541226 0.546616 0.077676 0.049761
22 0.660167 0.599411 0.072821 0.055829
22 0.667449 0.712284 0.087385 0.053402
22 0.756655 0.712891 0.077676 0.078889
22 0.691723 0.886447 0.084351 0.059470
22 0.455662 0.857926 0.103770 0.063111
5 0.684358 0.604175 0.300682 0.228468
18 0.219328 0.628454 0.304417 0.287609
5 0.302125 0.432357 0.145049 0.076571
31 0.385544 0.325282 0.127619 0.085909
22 0.477056 0.409323 0.135089 0.082796
17 0.659457 0.366991 0.164348 0.089644