24 0.544016 0.436305 0.281099 0.137349
24 0.496294 0.692961 0.220572 0.178087
24 0.376405 0.517783 0.203113 0.169940
24 0.775647 0.394984 0.245016 0.171104
24 0.557984 0.291973 0.271787 0.142004
24 0.730834 0.718568 0.254328 0.180415
24 0.840247 0.621376 0.193801 0.142004
9 0.458761 0.467599 0.095165 0.141063
9 0.530766 0.409069 0.078321 0.145694
9 0.599403 0.339169 0.077479 0.134746
9 0.761098 0.338748 0.076216 0.122956
9 0.696251 0.394752 0.077479 0.122956
9 0.635195 0.461283 0.079163 0.133904
9 0.564874 0.525708 0.088006 0.132641
9 0.494974 0.588450 0.082532 0.120851
9 0.600245 0.641927 0.072426 0.141905