20 0.261125 0.461247 0.227234 0.236564
19 0.597035 0.423924 0.197046 0.265106
16 0.743036 0.536992 0.209670 0.267850
17 0.323619 0.489605 0.164942 0.122592
17 0.546514 0.704698 0.203391 0.160484
17 0.679136 0.499636 0.187231 0.113676
17 0.786125 0.622228 0.166613 0.160484
17 0.707555 0.726988 0.148782 0.140423
17 0.649602 0.370914 0.202276 0.159369
17 0.787796 0.428867 0.157698 0.110333
17 0.846306 0.525269 0.167728 0.127050
17 0.811758 0.227148 0.148782 0.130393
17 0.529239 0.176439 0.160484 0.104760
17 0.640686 0.143005 0.139866 0.104760
17 0.436181 0.296245 0.164942 0.117019
17 0.426708 0.446141 0.130950 0.091387