26 0.248568 0.345755 0.154094 0.092368
26 0.446625 0.342202 0.152762 0.099473
26 0.217482 0.563352 0.186956 0.156315
26 0.398221 0.602431 0.143436 0.110131
26 0.469273 0.490524 0.176298 0.094144
26 0.229028 0.236512 0.117236 0.108354
26 0.314735 0.466544 0.106578 0.095920
26 0.551427 0.395047 0.132779 0.105690
26 0.172631 0.443008 0.161199 0.130558
26 0.337383 0.282696 0.130114 0.120789
21 0.370434 0.546776 0.083663 0.055314
21 0.377694 0.583768 0.082626 0.053240
21 0.395326 0.625945 0.098183 0.054623
21 0.410191 0.663628 0.090577 0.059117
21 0.372854 0.722054 0.076749 0.055314