26 0.620041 0.320891 0.118606 0.113547
26 0.760007 0.414202 0.137718 0.104553
26 0.842076 0.562037 0.130410 0.116919
26 0.730215 0.559227 0.155705 0.115795
26 0.716725 0.664342 0.161888 0.119168
26 0.348541 0.525500 0.136593 0.109050
26 0.319311 0.434438 0.170882 0.104553
26 0.462650 0.447928 0.151208 0.100056
26 0.300761 0.639047 0.148398 0.147274
26 0.523358 0.196102 0.125913 0.109050
26 0.736961 0.239385 0.136593 0.110174
26 0.594746 0.583397 0.169196 0.114671
26 0.594746 0.415326 0.160202 0.097808
2 0.528741 0.415726 0.657482 0.641325