26 0.452647 0.420377 0.091083 0.092506
26 0.610263 0.465207 0.112075 0.112430
26 0.338438 0.561271 0.139471 0.071158
26 0.340573 0.490113 0.138403 0.074005
26 0.353026 0.422156 0.119546 0.081832
26 0.398923 0.308658 0.099622 0.088237
26 0.520604 0.276281 0.095708 0.069024
26 0.568280 0.340680 0.098554 0.071158
26 0.556183 0.397607 0.148010 0.061196
26 0.349112 0.639190 0.132711 0.098910
26 0.467235 0.639190 0.112786 0.107449
18 0.567830 0.302963 0.351286 0.197368
18 0.571881 0.537522 0.359387 0.211361