28 0.300078 0.339413 0.169138 0.217709
22 0.328527 0.353583 0.061558 0.040398
22 0.426154 0.435341 0.059154 0.051940
22 0.295824 0.475738 0.067810 0.046169
22 0.604097 0.552205 0.066849 0.050978
22 0.488194 0.490647 0.070696 0.043283
22 0.442025 0.562305 0.093780 0.050016
22 0.329969 0.554610 0.074543 0.059635
22 0.467033 0.364645 0.061558 0.039436
22 0.561294 0.406485 0.057711 0.044245
22 0.567065 0.495937 0.069253 0.042321
22 0.637761 0.496418 0.061558 0.062520
22 0.586302 0.633962 0.066849 0.047131
22 0.399223 0.611359 0.082238 0.050016