26 0.263282 0.395827 0.076593 0.062060
26 0.284492 0.453959 0.094268 0.066773
26 0.500523 0.507770 0.094268 0.072272
26 0.108525 0.446103 0.075415 0.057346
26 0.221647 0.539586 0.092304 0.060489
26 0.180797 0.687272 0.089948 0.090340
26 0.311201 0.359298 0.093090 0.056561
26 0.414504 0.422929 0.104873 0.056561
26 0.293919 0.627962 0.087984 0.062845
26 0.498560 0.628355 0.108408 0.068344
26 0.409790 0.355763 0.082877 0.062060
26 0.172156 0.292132 0.061667 0.047920
26 0.116381 0.343193 0.082877 0.044777
26 0.202400 0.442568 0.082877 0.064417
26 0.379546 0.614215 0.084841 0.066773
26 0.324949 0.270528 0.067952 0.056561
17 0.632446 0.732804 0.118440 0.099400