17 0.499589 0.688886 0.160946 0.141829
17 0.304728 0.188166 0.169579 0.087564
17 0.406475 0.140068 0.133196 0.127030
17 0.576053 0.218382 0.136280 0.118397
17 0.457657 0.471825 0.182528 0.112230
17 0.568654 0.581589 0.164645 0.149229
17 0.326927 0.667303 0.204111 0.138129
17 0.805447 0.356512 0.121480 0.081398
17 0.672251 0.281280 0.135046 0.103597
17 0.652518 0.103069 0.144913 0.107297
17 0.423741 0.355895 0.190545 0.144296
17 0.559404 0.400294 0.143063 0.099897
17 0.619835 0.487241 0.151079 0.108530
17 0.714799 0.564323 0.194245 0.092497
28 0.438080 0.624075 0.419843 0.333605