8 0.643503 0.381846 0.274622 0.557443
8 0.521050 0.406439 0.230560 0.558467
24 0.349761 0.527312 0.137388 0.120214
24 0.214520 0.359871 0.164758 0.126654
24 0.428652 0.364701 0.163148 0.114847
24 0.359958 0.269174 0.151878 0.106261
24 0.551012 0.281518 0.135778 0.103041
24 0.661030 0.321231 0.135778 0.115921
24 0.626146 0.694217 0.206081 0.177101
24 0.276774 0.727490 0.171734 0.121287
24 0.483392 0.603520 0.156171 0.100894
24 0.527399 0.498332 0.151878 0.105187
24 0.196810 0.472572 0.180321 0.133094