20 0.281656 0.577275 0.197079 0.282928
20 0.482840 0.578395 0.192973 0.274716
31 0.296724 0.256503 0.168447 0.125488
31 0.367946 0.398383 0.187101 0.126618
31 0.590093 0.385382 0.176361 0.125488
31 0.556743 0.274026 0.185405 0.122096
31 0.748366 0.233328 0.200667 0.140184
31 0.739887 0.352597 0.223277 0.125488
31 0.830329 0.442474 0.210842 0.140184
31 0.724060 0.568526 0.176361 0.143576
31 0.562961 0.545916 0.209711 0.152620
31 0.357206 0.556091 0.198971 0.125488
31 0.516044 0.738670 0.233452 0.167317
31 0.774933 0.731321 0.247018 0.191058