26 0.275834 0.511264 0.144924 0.092000
26 0.501382 0.555285 0.137010 0.085075
26 0.383662 0.440533 0.121182 0.077161
26 0.522156 0.399479 0.113268 0.111784
26 0.650262 0.479608 0.121182 0.093978
26 0.391576 0.630962 0.155806 0.097935
26 0.285727 0.584962 0.136021 0.089032
26 0.626026 0.613156 0.140967 0.099913
26 0.618112 0.326275 0.106838 0.092000
26 0.429167 0.288190 0.125139 0.100903
26 0.618607 0.700704 0.158279 0.098924
26 0.742757 0.374254 0.116236 0.081118
26 0.648779 0.410361 0.121182 0.076172
26 0.257039 0.319351 0.107827 0.084086
17 0.564773 0.492167 0.254910 0.150942
17 0.521558 0.618369 0.223594 0.137476