26 0.572011 0.581008 0.130953 0.088326
26 0.397663 0.590993 0.156683 0.082182
26 0.462947 0.692760 0.103303 0.079878
26 0.593132 0.709657 0.162827 0.092166
26 0.382302 0.492682 0.117896 0.094471
26 0.373085 0.781854 0.168972 0.135177
26 0.529000 0.809120 0.133257 0.100615
26 0.663793 0.625940 0.127881 0.093702
26 0.508263 0.473481 0.130185 0.076037
26 0.633455 0.468873 0.127113 0.106759
26 0.676466 0.548366 0.161675 0.086022
10 0.533801 0.615148 0.281901 0.205651
10 0.647701 0.556301 0.080995 0.132250
10 0.459450 0.706584 0.212612 0.212612
10 0.702119 0.663872 0.100295 0.171482
10 0.667000 0.469611 0.057266 0.089221