31 0.144312 0.449347 0.152364 0.131944
31 0.278874 0.487568 0.159171 0.118331
31 0.182534 0.555111 0.161789 0.123567
31 0.269449 0.623701 0.156553 0.114142
31 0.169444 0.706952 0.169119 0.127755
31 0.445899 0.618989 0.154982 0.136133
31 0.589885 0.634697 0.180114 0.121472
31 0.443804 0.387040 0.145034 0.112048
31 0.211331 0.368190 0.157600 0.107859
31 0.407677 0.774495 0.206817 0.137180
31 0.615541 0.769259 0.184303 0.139274
31 0.261596 0.839943 0.196869 0.142416
31 0.466319 0.483903 0.145034 0.115189
31 0.601404 0.463483 0.170166 0.118331
31 0.607164 0.354054 0.161789 0.119378
20 0.312189 0.582137 0.195333 0.408726
20 0.529384 0.635367 0.239533 0.317476