29 0.417958 0.448874 0.273802 0.115161
29 0.624779 0.544059 0.569932 0.108698
22 0.230899 0.678517 0.053831 0.049127
22 0.251804 0.809174 0.066896 0.040242
22 0.122715 0.674336 0.046514 0.038152
22 0.522002 0.563539 0.043378 0.048082
22 0.232467 0.594896 0.076826 0.042333
22 0.465036 0.762137 0.058012 0.044423
22 0.357897 0.759001 0.058012 0.047036
22 0.424794 0.631480 0.052263 0.044423
22 0.236648 0.528523 0.050695 0.041288
22 0.180204 0.560926 0.076826 0.038152
22 0.538727 0.737574 0.044946 0.045991
22 0.400753 0.696286 0.164105 0.072123