21 0.562859 0.625303 0.089108 0.080857
21 0.632990 0.884789 0.101072 0.083333
21 0.519130 0.773404 0.087045 0.068481
21 0.551308 0.816307 0.087870 0.063531
21 0.598749 0.781654 0.092408 0.080032
21 0.758814 0.655830 0.071369 0.062706
21 0.688270 0.801456 0.110973 0.089933
21 0.710960 0.544445 0.096946 0.067656
21 0.598337 0.527944 0.067244 0.059405
21 0.473751 0.636029 0.097771 0.084158
21 0.713022 0.912841 0.110147 0.086633
21 0.786454 0.831571 0.075907 0.059405
35 0.731278 0.563934 0.423909 0.495154