29 0.693570 0.752950 0.166067 0.132537
13 0.426282 0.732706 0.061998 0.043335
13 0.479107 0.717523 0.059784 0.032897
26 0.411032 0.274691 0.068321 0.065407
26 0.491657 0.328441 0.079330 0.060226
26 0.538931 0.413599 0.075120 0.067349
26 0.474496 0.411980 0.089691 0.066702
26 0.466724 0.472530 0.093253 0.068645
26 0.254639 0.392553 0.078682 0.062816
26 0.237801 0.340098 0.098434 0.060226
26 0.320369 0.347869 0.087101 0.057636
26 0.227116 0.457959 0.085482 0.084834
26 0.355339 0.202809 0.072530 0.062816
26 0.478381 0.227741 0.078682 0.063464
26 0.396461 0.425904 0.097462 0.066054
26 0.396461 0.329089 0.092282 0.056340