9 0.210793 0.278174 0.166882 0.129672
9 0.366399 0.286631 0.150532 0.130799
9 0.526516 0.296215 0.182104 0.134182
9 0.336519 0.399953 0.174211 0.116141
9 0.508475 0.416867 0.164063 0.131927
9 0.330317 0.518349 0.171392 0.127417
9 0.489870 0.541464 0.177594 0.137565
9 0.299308 0.657041 0.175903 0.138693
9 0.461680 0.678466 0.157861 0.154479
9 0.695653 0.334553 0.108248 0.080058
9 0.692270 0.401080 0.115013 0.080058
9 0.694526 0.473809 0.110503 0.078931
9 0.688888 0.542592 0.121779 0.076676
9 0.691143 0.614757 0.117268 0.078931
9 0.685505 0.682976 0.128544 0.084569
17 0.413306 0.499145 0.194402 0.167366