22 0.605926 0.278875 0.294953 0.139168
22 0.621504 0.273682 0.068026 0.035311
22 0.144302 0.693339 0.092831 0.055699
22 0.276587 0.690438 0.076006 0.054538
22 0.154165 0.598767 0.066723 0.056859
22 0.462249 0.616753 0.091091 0.051057
22 0.555081 0.681155 0.094572 0.056859
22 0.452966 0.695660 0.081808 0.067303
22 0.357234 0.749618 0.076006 0.056859
22 0.191298 0.503615 0.066723 0.047576
22 0.706512 0.604569 0.088190 0.045255
22 0.658936 0.687537 0.066723 0.055699
22 0.563784 0.786170 0.099213 0.069624
22 0.364196 0.802996 0.095732 0.059180
22 0.248737 0.573238 0.078907 0.045255
22 0.322422 0.562795 0.067883 0.052218