25 0.569657 0.780095 0.405663 0.422289
31 0.276927 0.128214 0.111342 0.077940
31 0.367045 0.100031 0.104036 0.078636
31 0.362869 0.168924 0.112386 0.082811
31 0.275535 0.194672 0.099164 0.066110
31 0.269968 0.338721 0.121433 0.099512
31 0.488825 0.372820 0.115866 0.109255
31 0.362869 0.387086 0.140222 0.105775
31 0.403927 0.237817 0.100208 0.071677
31 0.320420 0.275395 0.131871 0.093945
31 0.442549 0.143524 0.097425 0.083507
31 0.484302 0.198499 0.108559 0.075156
31 0.425499 0.050275 0.104036 0.080723
31 0.195160 0.134130 0.116910 0.082811