16 0.612247 0.353513 0.248333 0.171953
19 0.363914 0.377694 0.236819 0.238354
17 0.260208 0.551807 0.173215 0.128741
17 0.494283 0.777689 0.213593 0.168534
17 0.633558 0.562340 0.196623 0.119378
17 0.745914 0.691081 0.174971 0.168534
17 0.663402 0.801096 0.156245 0.147467
17 0.602543 0.427162 0.212423 0.167364
17 0.747669 0.488021 0.165608 0.115867
17 0.809114 0.589259 0.176141 0.133423
17 0.772832 0.276183 0.156245 0.136934
17 0.476142 0.222931 0.168534 0.110015
17 0.593180 0.187820 0.146882 0.110015
17 0.378416 0.348747 0.173215 0.122889
17 0.368468 0.506162 0.137519 0.095971