22 0.101622 0.585455 0.078179 0.046907
22 0.213027 0.583012 0.064009 0.045930
22 0.109928 0.505811 0.056191 0.047885
22 0.369385 0.520958 0.076713 0.042998
22 0.447563 0.575194 0.079645 0.047885
22 0.361567 0.587410 0.068895 0.056680
22 0.280945 0.632851 0.064009 0.047885
22 0.141200 0.425677 0.056191 0.040067
22 0.575093 0.510697 0.074270 0.038112
22 0.535026 0.580569 0.056191 0.046907
22 0.454893 0.663634 0.083554 0.058634
22 0.286808 0.677804 0.080622 0.049839
22 0.189573 0.484311 0.066452 0.038112
22 0.251628 0.475516 0.057168 0.043976
24 0.325634 0.573490 0.287270 0.209253
24 0.396998 0.206390 0.253402 0.176595
24 0.745350 0.190665 0.220744 0.157242
24 0.597784 0.492450 0.306623 0.206834
24 0.401231 0.759762 0.306623 0.206834
24 0.747164 0.643644 0.275779 0.228606