22 0.398092 0.771754 0.040873 0.037302
22 0.413965 0.870961 0.050794 0.030556
22 0.315948 0.768579 0.035318 0.028969
22 0.619125 0.684451 0.032937 0.036508
22 0.399282 0.708261 0.058334 0.032143
22 0.575871 0.835246 0.044048 0.033730
22 0.494521 0.832866 0.044048 0.035715
22 0.545315 0.736039 0.039683 0.033730
22 0.402457 0.657864 0.038492 0.031349
22 0.359599 0.682467 0.058334 0.028969
22 0.631824 0.816596 0.034127 0.034921
22 0.527061 0.785246 0.124604 0.054762
31 0.458377 0.683156 0.146521 0.208649
31 0.309267 0.654162 0.156358 0.220040