31 0.253927 0.229479 0.135978 0.101299
31 0.311421 0.344011 0.151036 0.102212
31 0.490748 0.333516 0.142366 0.101299
31 0.463826 0.243625 0.149667 0.098561
31 0.618512 0.210771 0.161987 0.113163
31 0.611668 0.307051 0.180239 0.101299
31 0.684676 0.379603 0.170201 0.113163
31 0.598891 0.481358 0.142366 0.115901
31 0.468845 0.463106 0.169288 0.123202
31 0.302751 0.471320 0.160618 0.101299
31 0.430972 0.618705 0.188453 0.135066
31 0.639958 0.612774 0.199404 0.154230
30 0.233471 0.683412 0.348303 0.417270
30 0.354077 0.675094 0.238440 0.433906