25 0.507522 0.509014 0.486134 0.230186
24 0.476223 0.345088 0.099812 0.072029
24 0.635373 0.533051 0.119706 0.099469
24 0.619596 0.305986 0.077860 0.065170
24 0.424087 0.289865 0.088836 0.063112
24 0.538305 0.487432 0.090551 0.068599
24 0.443295 0.455533 0.083348 0.076145
24 0.420657 0.588959 0.097068 0.076831
24 0.745476 0.441127 0.115247 0.083005
24 0.717693 0.384533 0.105300 0.056252
24 0.705688 0.316962 0.092266 0.073401
24 0.768799 0.292266 0.068599 0.056938
24 0.552025 0.283005 0.085063 0.061740