31 0.409776 0.422135 0.210267 0.136274
31 0.261259 0.489739 0.223042 0.162890
31 0.254871 0.351336 0.224107 0.141597
31 0.676469 0.440766 0.212928 0.156502
31 0.641868 0.646774 0.251255 0.191635
31 0.370384 0.614835 0.251255 0.170343
31 0.214414 0.731413 0.225704 0.190571
31 0.355479 0.254454 0.173004 0.135209
31 0.492818 0.318864 0.185780 0.155438
31 0.671678 0.301298 0.185780 0.152244
24 0.348954 0.337272 0.159873 0.126566
24 0.201571 0.129520 0.134477 0.095757
24 0.255695 0.449267 0.146550 0.112411
24 0.425977 0.452181 0.191931 0.153212
24 0.512158 0.271491 0.168616 0.124901
24 0.552959 0.098295 0.121987 0.096590
24 0.340628 0.116614 0.147799 0.111578