26 0.315209 0.613173 0.151776 0.096349
26 0.551420 0.659275 0.143488 0.089097
26 0.428135 0.539098 0.126911 0.080809
26 0.573176 0.496104 0.118623 0.117069
26 0.707340 0.580020 0.126911 0.098421
26 0.436423 0.738530 0.163172 0.102565
26 0.325569 0.690356 0.142452 0.093241
26 0.681957 0.719882 0.147632 0.104637
26 0.673669 0.419439 0.111889 0.096349
26 0.475791 0.379552 0.131055 0.105673
26 0.674187 0.811569 0.165762 0.103601
26 0.804207 0.469685 0.121731 0.084953
26 0.705786 0.507500 0.126911 0.079773
26 0.295525 0.412187 0.112925 0.088061
21 0.171705 0.499412 0.173936 0.150431
21 0.326838 0.574627 0.195678 0.169235
21 0.623587 0.415382 0.166297 0.123401
21 0.283354 0.383063 0.147493 0.108123
21 0.168180 0.361908 0.145730 0.122225
21 0.525454 0.113931 0.148669 0.126926
21 0.572464 0.315486 0.117525 0.111648
21 0.530155 0.659245 0.139267 0.105772
21 0.209313 0.216178 0.186276 0.143380
21 0.478444 0.556411 0.173936 0.139854