16 0.860856 0.422621 0.174810 0.184742
32 0.683663 0.495326 0.199839 0.149780
19 0.746038 0.334025 0.169248 0.197853
20 0.523950 0.369781 0.148588 0.162096
31 0.456660 0.169480 0.142125 0.099488
31 0.571692 0.133504 0.132798 0.100376
31 0.566362 0.221444 0.143458 0.105706
31 0.454883 0.254311 0.126580 0.084387
31 0.447777 0.438185 0.155005 0.127024
31 0.727141 0.481711 0.147899 0.139460
31 0.566362 0.499921 0.178989 0.135019
31 0.618771 0.309384 0.127913 0.091493
31 0.512177 0.357351 0.168329 0.119918
31 0.668071 0.189022 0.124359 0.106594
31 0.721368 0.259196 0.138572 0.095934
31 0.646308 0.069992 0.132798 0.103041
31 0.352286 0.177030 0.149231 0.105706