17 0.527355 0.515424 0.111743 0.091089
17 0.365301 0.647820 0.108565 0.088971
17 0.622680 0.662649 0.118627 0.101681
17 0.471218 0.837942 0.122864 0.104858
17 0.653396 0.375613 0.103269 0.086852
17 0.329819 0.381968 0.133985 0.103799
17 0.406609 0.508009 0.104329 0.076260
17 0.562307 0.379320 0.107506 0.094266
17 0.687290 0.585329 0.120216 0.099562
17 0.521000 0.660001 0.093207 0.068846
17 0.546420 0.743146 0.107506 0.101681
17 0.666636 0.781276 0.135574 0.101681
24 0.438401 0.648064 0.182325 0.249151
24 0.237513 0.623313 0.229351 0.309376