23 0.159727 0.549141 0.244454 0.485861
23 0.406846 0.548760 0.236077 0.486623
17 0.392741 0.613538 0.095429 0.068433
17 0.597412 0.617933 0.109555 0.072200
17 0.578577 0.540710 0.108928 0.086012
17 0.456152 0.499274 0.090407 0.072200
17 0.509831 0.433352 0.100452 0.064666
17 0.669612 0.453443 0.085384 0.078478
17 0.663334 0.686366 0.094488 0.094801
17 0.537769 0.662508 0.118031 0.073455
17 0.518934 0.737847 0.134040 0.084756
17 0.445479 0.698608 0.096999 0.081617
17 0.661764 0.576182 0.089465 0.060271