8 0.380149 0.555276 0.163642 0.247379
8 0.681710 0.451836 0.147223 0.272554
8 0.456223 0.706877 0.172399 0.224392
8 0.383980 0.379593 0.144487 0.233149
8 0.464980 0.366458 0.081547 0.255041
8 0.767636 0.303519 0.097966 0.210162
31 0.749382 0.305596 0.111628 0.089147
31 0.659459 0.395130 0.101163 0.071318
31 0.540467 0.480014 0.130232 0.096899
31 0.573801 0.366061 0.146899 0.090697
31 0.749382 0.531177 0.128294 0.098449
31 0.841242 0.357534 0.119767 0.093798
31 0.851707 0.274976 0.117829 0.088372
31 0.558297 0.281565 0.124031 0.084496
31 0.662173 0.305208 0.108527 0.089922
31 0.701320 0.202107 0.098062 0.058915
31 0.634653 0.240480 0.094961 0.067442
31 0.659072 0.452107 0.098062 0.072093