9 0.321618 0.219997 0.117785 0.087549
9 0.553577 0.317926 0.572677 0.268964
9 0.439403 0.218644 0.113272 0.079426
9 0.559895 0.216387 0.101087 0.085744
9 0.558992 0.293556 0.135836 0.099282
9 0.555382 0.392387 0.140800 0.112820
9 0.411874 0.383361 0.146667 0.118236
9 0.690767 0.393741 0.137190 0.111918
9 0.688510 0.294459 0.127713 0.093867
9 0.430377 0.294459 0.128615 0.090256
9 0.670910 0.218644 0.116882 0.075815
22 0.350020 0.736403 0.417072 0.248749
22 0.268715 0.722779 0.054936 0.031643
22 0.369357 0.841001 0.064604 0.041312
22 0.221251 0.833969 0.058452 0.036038
22 0.266078 0.775957 0.052738 0.043070
22 0.372434 0.688060 0.042191 0.032522