17 0.461814 0.566839 0.139381 0.103594
17 0.650166 0.748600 0.171872 0.135614
17 0.762236 0.575315 0.158216 0.096060
17 0.852646 0.678909 0.140794 0.135614
17 0.786251 0.767435 0.125726 0.118662
17 0.737280 0.466541 0.170930 0.134672
17 0.854058 0.515513 0.133260 0.093235
17 0.903501 0.596976 0.141736 0.107361
17 0.874306 0.345054 0.125726 0.110186
17 0.635569 0.302203 0.135614 0.088526
17 0.729746 0.273950 0.118191 0.088526
17 0.556932 0.403443 0.139381 0.098885
17 0.548927 0.530110 0.110657 0.077225
17 0.579982 0.489555 0.307537 0.276288
17 0.379586 0.386382 0.287696 0.228669