18 0.623330 0.344625 0.402476 0.138338
26 0.314046 0.398168 0.074843 0.052630
26 0.333526 0.481555 0.077577 0.052630
26 0.575486 0.446696 0.083729 0.066300
26 0.494833 0.374587 0.080995 0.049212
26 0.490048 0.315464 0.074843 0.051263
26 0.232368 0.315806 0.068350 0.039643
26 0.400168 0.556057 0.084754 0.059465
26 0.579929 0.550247 0.102525 0.054680
26 0.386156 0.405345 0.083729 0.061515
26 0.412471 0.246089 0.058439 0.056047
26 0.302085 0.523249 0.076552 0.073135
26 0.303452 0.609028 0.090222 0.072451
26 0.400509 0.323324 0.082020 0.046478
26 0.364625 0.352373 0.079286 0.051263
26 0.282605 0.267277 0.053655 0.045111