17 0.408303 0.490421 0.098375 0.086690
17 0.289198 0.184367 0.103651 0.053522
17 0.351389 0.154968 0.081413 0.077644
17 0.455040 0.202836 0.083298 0.072368
17 0.382673 0.357748 0.111567 0.068598
17 0.450517 0.424838 0.100636 0.091213
17 0.302767 0.477229 0.124759 0.084429
17 0.595252 0.287265 0.074252 0.049753
17 0.513839 0.241281 0.082544 0.063322
17 0.501778 0.132353 0.088575 0.065583
17 0.361942 0.286888 0.116467 0.088198
17 0.444864 0.314025 0.087444 0.061060
17 0.481801 0.367170 0.092344 0.066337
17 0.539846 0.414285 0.118728 0.056537
17 0.434659 0.690647 0.163568 0.128547