24 0.367670 0.549489 0.145080 0.126945
24 0.224857 0.372672 0.173983 0.133746
24 0.450978 0.377773 0.172283 0.121278
24 0.378438 0.276897 0.160381 0.112210
24 0.580190 0.289931 0.143380 0.108810
24 0.696367 0.331869 0.143380 0.122411
24 0.659530 0.725738 0.217620 0.187017
24 0.290596 0.760875 0.181350 0.128078
24 0.508783 0.629963 0.164915 0.106543
24 0.555254 0.518886 0.160381 0.111077
24 0.206155 0.491683 0.190418 0.140546
31 0.579472 0.498450 0.249678 0.213820
31 0.830035 0.550688 0.263401 0.236840
31 0.565749 0.338196 0.233741 0.177962
31 0.799047 0.356347 0.237283 0.213820