20 0.386927 0.557771 0.386814 0.550467
20 0.755145 0.548472 0.322345 0.544268
31 0.393987 0.538366 0.127135 0.088994
31 0.496887 0.506185 0.118791 0.089789
31 0.492119 0.584849 0.128327 0.094556
31 0.392398 0.614249 0.113229 0.075486
31 0.386041 0.778730 0.138656 0.113627
31 0.635940 0.817665 0.132300 0.124751
31 0.492119 0.833954 0.160110 0.120778
31 0.539000 0.663514 0.114421 0.081843
31 0.443649 0.706422 0.150575 0.107270
31 0.583100 0.555847 0.111243 0.095351
31 0.630776 0.618620 0.123956 0.085816
31 0.563633 0.449371 0.118791 0.092173
31 0.300623 0.545120 0.133491 0.094556