21 0.745510 0.272030 0.166142 0.129956
21 0.722165 0.433502 0.187931 0.157193
21 0.588317 0.372804 0.175480 0.132291
21 0.837336 0.130401 0.166920 0.148633
26 0.351427 0.394569 0.109357 0.111066
26 0.540666 0.448393 0.134561 0.134988
26 0.214303 0.563731 0.167453 0.085435
26 0.216866 0.478296 0.166172 0.088853
26 0.231817 0.396705 0.143532 0.098251
26 0.286923 0.260435 0.119610 0.105940
26 0.433018 0.221562 0.114911 0.082872
26 0.490259 0.298881 0.118328 0.085435
26 0.475735 0.367230 0.177706 0.073474
26 0.227118 0.657283 0.159337 0.118755
26 0.368941 0.657283 0.135415 0.129007