24 0.648966 0.399662 0.096664 0.076884
24 0.544090 0.472813 0.119431 0.082855
24 0.666880 0.602321 0.100397 0.097038
24 0.773995 0.654945 0.109354 0.082855
24 0.886335 0.609786 0.147422 0.100023
24 0.793029 0.566865 0.113459 0.079869
24 0.825126 0.502298 0.096664 0.074644
24 0.884842 0.429893 0.102636 0.074644
24 0.798254 0.395556 0.098530 0.071659
24 0.634783 0.299638 0.103382 0.073898
24 0.757946 0.278738 0.087707 0.057476
24 0.542224 0.404887 0.105622 0.067926
24 0.542971 0.554922 0.117192 0.100770
24 0.794895 0.329869 0.113459 0.067180
24 0.908355 0.335841 0.073525 0.076137
4 0.438135 0.549062 0.432108 0.244800