17 0.473170 0.351298 0.117129 0.098564
17 0.264902 0.406318 0.099914 0.074936
17 0.412073 0.471803 0.129618 0.077636
17 0.384732 0.545051 0.134007 0.099914
17 0.538991 0.507920 0.097214 0.105315
17 0.482283 0.428259 0.115104 0.072910
17 0.352665 0.300328 0.084725 0.070885
17 0.261189 0.277712 0.109028 0.058058
17 0.417812 0.235856 0.105315 0.059408
17 0.220346 0.523110 0.104302 0.080336
17 0.225409 0.589607 0.128606 0.066159
17 0.229460 0.345897 0.068522 0.049957
24 0.423995 0.778171 0.112813 0.091450
24 0.238847 0.687845 0.102693 0.080206
24 0.380519 0.627504 0.085828 0.071960
24 0.332920 0.837763 0.100820 0.072710
24 0.545428 0.758681 0.119934 0.083954
24 0.602397 0.828768 0.125931 0.092199
24 0.387265 0.955073 0.131927 0.089950
24 0.495955 0.940831 0.106816 0.076458
24 0.625259 0.647368 0.083954 0.075708
24 0.482837 0.635374 0.106816 0.083204
24 0.442360 0.864373 0.137924 0.098946