31 0.676886 0.380279 0.105684 0.077244
31 0.546273 0.384492 0.106738 0.077244
31 0.482722 0.428381 0.125346 0.082160
31 0.461304 0.362372 0.097258 0.070924
31 0.499926 0.302332 0.098311 0.071626
31 0.657224 0.312515 0.094449 0.072329
31 0.773792 0.289692 0.114111 0.078649
31 0.765015 0.364479 0.111302 0.077946
31 0.645988 0.584625 0.130262 0.102524
31 0.790646 0.576198 0.142200 0.105333
31 0.481318 0.541087 0.115164 0.077244
31 0.542762 0.481399 0.127453 0.073031
31 0.676184 0.479292 0.116920 0.087075
31 0.768877 0.482452 0.133773 0.084969
32 0.376181 0.517278 0.347060 0.230934