31 0.495242 0.647688 0.105492 0.085875
31 0.367910 0.601049 0.107713 0.068107
31 0.335337 0.657312 0.101791 0.068107
31 0.522633 0.541825 0.076991 0.062185
31 0.443051 0.524428 0.085875 0.062925
31 0.469701 0.581431 0.111415 0.062925
31 0.634418 0.628810 0.109564 0.076251
31 0.649964 0.534052 0.076991 0.062925
31 0.646262 0.462984 0.097719 0.073289
31 0.419361 0.450028 0.103642 0.074030
31 0.510788 0.483342 0.102531 0.057743
26 0.639741 0.376493 0.391893 0.279923
26 0.788485 0.212930 0.315600 0.253029