22 0.656022 0.448817 0.196305 0.127574
22 0.567017 0.370690 0.039558 0.024724
24 0.791599 0.400520 0.096614 0.078319
24 0.633036 0.323164 0.087948 0.068689
24 0.754366 0.271487 0.073504 0.061628
24 0.713602 0.451555 0.086343 0.062270
24 0.895596 0.383829 0.102713 0.071899
24 0.944385 0.443852 0.107848 0.078960
24 0.760144 0.552021 0.112984 0.077035
24 0.853227 0.539824 0.091479 0.065479
24 0.963964 0.288499 0.071899 0.064837
24 0.841993 0.278228 0.091479 0.071257
24 0.807327 0.474345 0.118120 0.084738