10 0.683716 0.405447 0.352508 0.322794
10 0.592129 0.407075 0.256444 0.275982
26 0.439655 0.554529 0.107092 0.102524
26 0.566033 0.638781 0.124348 0.094403
26 0.640135 0.772265 0.117750 0.105569
26 0.539134 0.769727 0.140589 0.104554
26 0.526953 0.864638 0.146172 0.107599
26 0.194512 0.739275 0.123333 0.098463
26 0.168120 0.657053 0.154293 0.094403
26 0.297543 0.669234 0.136529 0.090343
26 0.151371 0.841798 0.133991 0.132976
26 0.352358 0.441855 0.113690 0.098463
26 0.545224 0.480935 0.123333 0.099478
26 0.416816 0.791552 0.152770 0.103539
26 0.416816 0.639796 0.144650 0.088312