35 0.604390 0.270037 0.125765 0.324231
35 0.726394 0.481456 0.169219 0.319217
35 0.828761 0.274215 0.149163 0.250694
26 0.453859 0.509050 0.170173 0.112783
26 0.549675 0.608858 0.130250 0.106795
26 0.766757 0.648781 0.165182 0.164683
26 0.657468 0.794501 0.183647 0.140729
26 0.419924 0.744597 0.179655 0.150710
26 0.605567 0.466132 0.117274 0.102802
26 0.838619 0.565441 0.178157 0.087831
26 0.756777 0.497572 0.139731 0.101804
26 0.447372 0.415230 0.125259 0.110787
26 0.583111 0.373810 0.149213 0.099808
26 0.719349 0.319415 0.110288 0.088829