31 0.446164 0.340693 0.110564 0.085654
31 0.467578 0.416733 0.111875 0.085654
31 0.390664 0.453005 0.123674 0.088276
31 0.404211 0.604647 0.138532 0.106631
31 0.518271 0.628246 0.141154 0.125859
31 0.643693 0.590663 0.144650 0.101386
31 0.664669 0.480099 0.125859 0.098764
31 0.765182 0.496706 0.103571 0.098764
31 0.539247 0.376528 0.117556 0.085654
31 0.676032 0.373032 0.137658 0.092646
31 0.665543 0.302236 0.111875 0.073418
31 0.497731 0.280822 0.118867 0.088276
31 0.769115 0.359484 0.096142 0.090024
5 0.503283 0.607594 0.560553 0.255546