26 0.496444 0.493164 0.148162 0.099715
26 0.273026 0.626274 0.137814 0.110063
26 0.217995 0.485168 0.190493 0.153335
26 0.378385 0.563247 0.137814 0.083723
26 0.390144 0.648851 0.141577 0.113826
26 0.353457 0.783843 0.145339 0.133581
26 0.211410 0.745744 0.158039 0.100656
26 0.629084 0.493164 0.107711 0.071494
26 0.511496 0.672839 0.127936 0.114766
26 0.489389 0.813005 0.159450 0.144869
9 0.518540 0.457921 0.277931 0.216504
9 0.330231 0.379879 0.210462 0.203413
9 0.694764 0.355208 0.233623 0.178238