30 0.604397 0.430820 0.380691 0.207929
22 0.524955 0.512484 0.066720 0.040032
22 0.620031 0.510399 0.054627 0.039198
22 0.532044 0.444513 0.047955 0.040866
22 0.753471 0.457440 0.065469 0.036696
22 0.820191 0.503727 0.067971 0.040866
22 0.746799 0.514152 0.058797 0.048372
22 0.677994 0.552933 0.054627 0.040866
22 0.558732 0.376125 0.047955 0.034194
22 0.929028 0.448683 0.063384 0.032526
22 0.894834 0.508314 0.047955 0.040032
22 0.826446 0.579204 0.071307 0.050040
22 0.682998 0.591297 0.068805 0.042534
22 0.600015 0.426165 0.056712 0.032526
22 0.652974 0.418659 0.048789 0.037530