31 0.404915 0.335841 0.193597 0.135518
31 0.561607 0.286837 0.180892 0.136728
31 0.554347 0.406625 0.195412 0.143987
31 0.402495 0.451394 0.172422 0.114948
31 0.392815 0.701860 0.211141 0.173027
31 0.773353 0.761149 0.201462 0.189967
31 0.554347 0.785953 0.243811 0.183917
31 0.625736 0.526413 0.174237 0.124628
31 0.480538 0.591752 0.229291 0.163347
31 0.692890 0.362461 0.169397 0.145197
31 0.765488 0.458049 0.188757 0.130678
31 0.663245 0.200324 0.180892 0.140358
31 0.262742 0.346126 0.203276 0.143987
1 0.726521 0.386863 0.189479 0.291269
1 0.567447 0.352933 0.159074 0.214156