26 0.546806 0.636475 0.172009 0.145509
26 0.703397 0.686102 0.198027 0.125273
26 0.352151 0.694293 0.147918 0.112745
26 0.359378 0.591184 0.133464 0.128164
26 0.271688 0.441339 0.146473 0.119491
26 0.435024 0.388820 0.131055 0.097327
26 0.697615 0.551675 0.152736 0.141655
26 0.510188 0.830648 0.158036 0.127200
26 0.485615 0.552157 0.173455 0.092509
1 0.722700 0.540713 0.164608 0.195020
1 0.588985 0.559539 0.133714 0.176676
1 0.517543 0.406033 0.096544 0.163160
1 0.722217 0.408447 0.155919 0.127439
1 0.653670 0.257837 0.145299 0.179573
1 0.419550 0.253493 0.125025 0.165091
1 0.690357 0.137157 0.162195 0.121646
1 0.370795 0.136674 0.125025 0.107164