16 0.838196 0.545998 0.257612 0.272249
32 0.577072 0.653141 0.294497 0.220726
19 0.668992 0.415435 0.249415 0.291570
20 0.341708 0.468129 0.218970 0.238876
22 0.643438 0.581812 0.443624 0.184533
22 0.502242 0.583676 0.064773 0.041007
22 0.732908 0.641925 0.063375 0.053123
22 0.670465 0.564104 0.065705 0.048463
22 0.572607 0.537542 0.065705 0.045667
22 0.812127 0.715551 0.073161 0.053123
22 0.653690 0.723473 0.067103 0.052191
22 0.649030 0.678738 0.079685 0.046599
22 0.528338 0.437820 0.061977 0.036347