31 0.352393 0.224975 0.113457 0.090608
31 0.260997 0.315977 0.102821 0.072487
31 0.140055 0.402252 0.132367 0.098487
31 0.173934 0.286431 0.149307 0.092184
31 0.352393 0.454253 0.130397 0.100063
31 0.445759 0.277764 0.121730 0.095336
31 0.456396 0.193853 0.119760 0.089820
31 0.158176 0.200550 0.126064 0.085881
31 0.263755 0.224581 0.110306 0.091396
31 0.303544 0.119791 0.099669 0.059880
31 0.235784 0.158791 0.096517 0.068547
31 0.260603 0.373888 0.099669 0.073274
9 0.503074 0.481440 0.090202 0.075048