9 0.585480 0.516790 0.113780 0.088410
9 0.691572 0.522556 0.102632 0.089179
9 0.800739 0.529091 0.124158 0.091485
9 0.671199 0.599819 0.118777 0.079184
9 0.788438 0.611350 0.111858 0.089947
9 0.666971 0.680541 0.116855 0.086872
9 0.775753 0.696301 0.121083 0.093791
9 0.645829 0.775101 0.119930 0.094560
9 0.756534 0.789707 0.107629 0.105323
9 0.916056 0.555229 0.073803 0.054583
9 0.913749 0.600587 0.078416 0.054583
9 0.915287 0.650174 0.075341 0.053815
9 0.911443 0.697069 0.083028 0.052277
9 0.912981 0.746271 0.079953 0.053815
9 0.909137 0.792783 0.087641 0.057659
17 0.467927 0.341484 0.121124 0.101517