21 0.361947 0.645242 0.194346 0.129940
21 0.409403 0.883089 0.150844 0.108472
21 0.578891 0.441292 0.119206 0.094913
21 0.200934 0.321520 0.115817 0.090393
21 0.513356 0.629423 0.156494 0.127681
21 0.759678 0.506827 0.142935 0.097173
21 0.696967 0.641852 0.183612 0.143499
21 0.536519 0.900038 0.149149 0.133330
21 0.620133 0.318131 0.117511 0.085874
10 0.739818 0.696676 0.205386 0.353821
10 0.657421 0.313774 0.127836 0.196298
10 0.611982 0.476750 0.176305 0.294447
10 0.413260 0.580958 0.589500 0.355033