21 0.542267 0.236219 0.111542 0.101214
21 0.630054 0.561032 0.126517 0.104312
21 0.487529 0.421605 0.108960 0.085722
21 0.527808 0.475311 0.109992 0.079525
21 0.587193 0.431933 0.115673 0.100181
21 0.787555 0.274433 0.089337 0.078492
21 0.699251 0.456720 0.138911 0.112574
21 0.727653 0.135006 0.121353 0.084689
21 0.586677 0.114350 0.084173 0.074361
21 0.430725 0.249646 0.122386 0.105345
21 0.730235 0.596147 0.137878 0.108443
21 0.822154 0.494417 0.095017 0.074361
35 0.655732 0.440594 0.240490 0.328866
35 0.530934 0.450771 0.259236 0.370108