31 0.761665 0.577920 0.115916 0.092572
31 0.668289 0.670895 0.105049 0.074058
31 0.544725 0.759039 0.135236 0.100622
31 0.579339 0.640708 0.152542 0.094182
31 0.761665 0.812168 0.133223 0.102232
31 0.857055 0.631854 0.124368 0.097402
31 0.867922 0.546124 0.122356 0.091767
31 0.563239 0.552966 0.128796 0.087742
31 0.671106 0.577518 0.112696 0.093377
31 0.711757 0.470456 0.101829 0.061178
31 0.642529 0.510303 0.098609 0.070033
31 0.667886 0.730060 0.101829 0.074863
17 0.633265 0.602544 0.374195 0.221575
17 0.569827 0.787802 0.328225 0.201808