17 0.510519 0.306881 0.170708 0.143374
17 0.519286 0.433751 0.185664 0.118619
17 0.195406 0.397134 0.142858 0.105209
17 0.409435 0.498218 0.188242 0.119650
17 0.606445 0.563716 0.145952 0.161940
17 0.633263 0.375989 0.146984 0.116556
17 0.533211 0.195998 0.100568 0.080454
17 0.589942 0.235710 0.109851 0.097989
17 0.189733 0.199093 0.167613 0.094895
17 0.368692 0.617868 0.181538 0.140279
17 0.128877 0.575578 0.163487 0.127902
17 0.144349 0.302239 0.107272 0.072203
17 0.099995 0.419311 0.105725 0.114493
20 0.439337 0.385787 0.211981 0.321352