17 0.350119 0.496840 0.109151 0.081126
17 0.497620 0.639178 0.134595 0.106201
17 0.585384 0.503477 0.123901 0.075226
17 0.656184 0.584603 0.110257 0.106201
17 0.604190 0.653928 0.098457 0.092926
17 0.565840 0.418295 0.133857 0.105463
17 0.657290 0.456646 0.104357 0.073013
17 0.696010 0.520440 0.110995 0.084076
17 0.673147 0.323157 0.098457 0.086288
17 0.486189 0.289600 0.106201 0.069326
17 0.559940 0.267475 0.092557 0.069326
17 0.424607 0.368882 0.109151 0.077438
17 0.418339 0.468077 0.086657 0.060475
8 0.403166 0.693088 0.184032 0.410439
8 0.469757 0.384351 0.179189 0.454025
8 0.532109 0.728199 0.151947 0.340216