1 0.550336 0.433244 0.153743 0.177231
1 0.315451 0.604070 0.164953 0.168690
1 0.563682 0.578446 0.198051 0.187908
1 0.465991 0.278968 0.125450 0.154810
1 0.689131 0.316870 0.209261 0.168690
1 0.786288 0.499973 0.224742 0.129187
1 0.521509 0.742331 0.119578 0.186840
1 0.396593 0.763151 0.153743 0.151607
21 0.506935 0.585075 0.220555 0.159048
21 0.321172 0.617382 0.226767 0.166503
21 0.710094 0.385644 0.205644 0.162776
21 0.430518 0.395585 0.220555 0.140409
21 0.451641 0.099855 0.201916 0.135439
21 0.560986 0.188698 0.168988 0.134197