8 0.392253 0.416868 0.084984 0.168937
8 0.595184 0.388540 0.125158 0.188509
8 0.527712 0.126378 0.135974 0.185419
8 0.673471 0.404507 0.141639 0.208081
8 0.703344 0.588895 0.267827 0.135974
8 0.490628 0.467858 0.078288 0.141124
26 0.250799 0.428141 0.156788 0.103912
26 0.339079 0.520099 0.120005 0.098395
26 0.539087 0.556883 0.152190 0.151731
26 0.438393 0.691141 0.169203 0.129661
26 0.219534 0.645162 0.165524 0.138857
26 0.390575 0.388599 0.108051 0.094717
26 0.605297 0.480098 0.164145 0.080923
26 0.529892 0.417566 0.128741 0.093797
26 0.244822 0.341701 0.115407 0.102073
26 0.369885 0.303538 0.137477 0.091958
26 0.495407 0.253421 0.101614 0.081843