14 0.595288 0.579422 0.214099 0.171725
31 0.353312 0.606184 0.114855 0.079544
17 0.346621 0.486869 0.089208 0.066906
17 0.470025 0.405838 0.126006 0.065419
17 0.412040 0.485382 0.089208 0.068393
31 0.347586 0.185192 0.148605 0.107952
31 0.406686 0.272647 0.168419 0.116151
31 0.368083 0.367276 0.158512 0.118201
31 0.269696 0.272306 0.140406 0.104536
31 0.478085 0.161279 0.149288 0.107952
31 0.183949 0.441408 0.136648 0.122984
31 0.297367 0.448582 0.179351 0.108635
31 0.460662 0.451315 0.184475 0.103170
31 0.481843 0.343021 0.142114 0.140748
31 0.200689 0.151713 0.144847 0.101120