24 0.166942 0.545282 0.133268 0.096173
24 0.379439 0.796248 0.159830 0.132810
24 0.358372 0.493074 0.103958 0.087014
24 0.097332 0.471550 0.118613 0.084266
24 0.249834 0.735338 0.120903 0.091593
24 0.122978 0.692747 0.111286 0.101668
24 0.092752 0.870896 0.129604 0.102584
24 0.526446 0.673513 0.153877 0.110828
24 0.489351 0.597948 0.140596 0.075106
24 0.473322 0.507729 0.123193 0.098005
24 0.557588 0.474755 0.091593 0.076022
24 0.268153 0.462390 0.113576 0.082434
7 0.566634 0.616530 0.279010 0.158779
16 0.557915 0.462340 0.120690 0.143176
19 0.424376 0.453162 0.135834 0.153731
11 0.253666 0.579818 0.269832 0.173004