17 0.397020 0.510161 0.255506 0.211434
22 0.352086 0.575591 0.042778 0.039040
22 0.368699 0.679421 0.053161 0.031980
22 0.266114 0.572268 0.036963 0.030318
22 0.583419 0.484220 0.034472 0.038209
22 0.353332 0.509140 0.061052 0.033641
22 0.538149 0.642042 0.046101 0.035302
22 0.453009 0.639550 0.046101 0.037379
22 0.506170 0.538212 0.041532 0.035302
22 0.356654 0.456394 0.040286 0.032810
22 0.311800 0.482144 0.061052 0.030318
22 0.596709 0.622522 0.035718 0.036548
22 0.487065 0.589712 0.130411 0.057314