8 0.467866 0.559515 0.188856 0.315715
8 0.850348 0.518023 0.227963 0.258485
31 0.594724 0.511824 0.129720 0.096336
31 0.784534 0.638682 0.128289 0.089659
31 0.686767 0.691619 0.165488 0.102536
31 0.544171 0.662527 0.151181 0.121135
31 0.643846 0.605775 0.132581 0.093474
31 0.722536 0.538531 0.134012 0.102536
31 0.679614 0.457933 0.137827 0.104443
20 0.345631 0.470343 0.187213 0.338073
20 0.517091 0.501848 0.177519 0.275063
20 0.707939 0.508513 0.177519 0.271428
20 0.879399 0.527295 0.167219 0.265369
20 0.263233 0.748436 0.122991 0.138137
20 0.365019 0.751465 0.109662 0.136926
20 0.469228 0.758130 0.089062 0.138137
20 0.566166 0.764794 0.092092 0.141773
20 0.683704 0.776912 0.106632 0.136926
20 0.824871 0.787817 0.147225 0.139349