31 0.197527 0.189057 0.179428 0.133668
31 0.273392 0.340186 0.199298 0.134872
31 0.510021 0.326338 0.187858 0.133668
31 0.474496 0.207723 0.197491 0.130055
31 0.678611 0.164371 0.213748 0.149323
31 0.669579 0.291416 0.237833 0.133668
31 0.765917 0.387151 0.224586 0.149323
31 0.652720 0.521421 0.187858 0.152935
31 0.481120 0.497336 0.223382 0.162569
31 0.261952 0.508174 0.211942 0.133668
31 0.431145 0.702655 0.248671 0.178224
31 0.706910 0.694828 0.263121 0.203513
22 0.382636 0.635476 0.270473 0.355328