0 0.525497 0.361590 0.515356 0.582830
24 0.580640 0.783587 0.095326 0.137199
24 0.547677 0.898959 0.101563 0.142990
24 0.649240 0.734143 0.093990 0.150562
24 0.718285 0.662425 0.085081 0.146999
13 0.642558 0.538590 0.071272 0.125172
13 0.573959 0.677570 0.079290 0.129626
24 0.513823 0.751515 0.079290 0.122053
24 0.484423 0.616098 0.049890 0.061027
24 0.511596 0.518990 0.043654 0.064145
24 0.568168 0.517654 0.041872 0.057018
24 0.447005 0.522999 0.044990 0.062808
24 0.456805 0.471327 0.030736 0.042763
24 0.432751 0.637034 0.044990 0.073499
24 0.449678 0.580908 0.052563 0.064145
26 0.482196 0.935041 0.062363 0.085972
26 0.497341 0.848623 0.065481 0.103790
26 0.456360 0.805860 0.060136 0.086863
26 0.441660 0.882923 0.055681 0.102008