31 0.587644 0.507922 0.235724 0.297534
31 0.369493 0.590940 0.231482 0.311471
26 0.646970 0.486500 0.072979 0.059132
26 0.667179 0.541889 0.089821 0.063623
26 0.873019 0.593162 0.089821 0.068863
26 0.499514 0.534404 0.071857 0.054641
26 0.607299 0.623477 0.087950 0.057635
26 0.568376 0.764196 0.085704 0.086078
26 0.692629 0.451694 0.088698 0.053893
26 0.791057 0.512323 0.099926 0.053893
26 0.676162 0.707684 0.083833 0.059881
26 0.871148 0.708058 0.103294 0.065120
26 0.786566 0.448326 0.078968 0.059132
26 0.560143 0.387697 0.058758 0.045659
26 0.506999 0.436350 0.078968 0.042665
26 0.588960 0.531036 0.078968 0.061378
26 0.757749 0.694585 0.080839 0.063623
26 0.705728 0.367113 0.064746 0.053893