17 0.420432 0.391281 0.447967 0.243040
17 0.312721 0.617751 0.444653 0.262925
17 0.573437 0.204582 0.391626 0.251878
24 0.423717 0.492734 0.150867 0.132009
24 0.275208 0.308865 0.180923 0.139080
24 0.510348 0.314168 0.179155 0.126115
24 0.434914 0.209269 0.166779 0.116686
24 0.644714 0.222823 0.149099 0.113150
24 0.765525 0.266433 0.149099 0.127294
24 0.727219 0.676013 0.226300 0.194477
24 0.343569 0.712552 0.188584 0.133187
24 0.570459 0.576418 0.171493 0.110793
24 0.618784 0.460910 0.166779 0.115508
24 0.255760 0.432623 0.198013 0.146152