24 0.595946 0.406916 0.142741 0.109311
24 0.727013 0.585740 0.121516 0.118862
24 0.819344 0.427080 0.165558 0.109311
24 0.746647 0.327320 0.121516 0.094453
24 0.426674 0.278502 0.118862 0.088085
24 0.360344 0.535330 0.138496 0.094453
24 0.891510 0.569290 0.134251 0.105066
24 0.855427 0.681254 0.163966 0.114617
24 0.603906 0.319892 0.135843 0.085963
24 0.564639 0.509328 0.157068 0.140088
24 0.479737 0.416998 0.114617 0.087024
24 0.756729 0.201560 0.135843 0.095514
24 0.621947 0.774646 0.158660 0.099759
17 0.657286 0.235299 0.090370 0.128191