31 0.276996 0.221059 0.181155 0.156877
31 0.436985 0.266504 0.189248 0.140691
31 0.322440 0.346810 0.192361 0.146916
31 0.425780 0.428361 0.186136 0.135711
31 0.306877 0.527342 0.201076 0.151897
31 0.635571 0.422758 0.184268 0.161857
31 0.806766 0.441434 0.214149 0.144426
31 0.633081 0.146978 0.172440 0.133221
31 0.356679 0.124567 0.187381 0.128241
31 0.590127 0.607648 0.245898 0.163102
31 0.837270 0.601423 0.219130 0.165592
31 0.416442 0.685464 0.234070 0.169327
31 0.659850 0.262146 0.172440 0.136956
31 0.820462 0.237867 0.202321 0.140691
31 0.827310 0.107759 0.192361 0.141936
16 0.443965 0.502999 0.303555 0.293498
19 0.737006 0.519914 0.280240 0.327328