20 0.163404 0.434496 0.163858 0.295899
20 0.313475 0.462071 0.155373 0.240749
20 0.480514 0.467904 0.155373 0.237567
20 0.630585 0.484343 0.146359 0.232265
20 0.091286 0.677897 0.107648 0.120905
20 0.180373 0.680548 0.095981 0.119844
20 0.271582 0.686381 0.077952 0.120905
20 0.356428 0.692214 0.080603 0.124087
20 0.459303 0.702820 0.093330 0.119844
20 0.582859 0.712365 0.128859 0.121965
19 0.137409 0.552949 0.033023 0.064436
16 0.170835 0.563823 0.040675 0.065644
9 0.315413 0.325410 0.047521 0.036245
9 0.210302 0.315342 0.046313 0.036245