5 0.652954 0.326788 0.361584 0.129504
17 0.186372 0.510072 0.179862 0.133681
17 0.429429 0.744622 0.221789 0.175001
17 0.574048 0.521009 0.204168 0.123959
17 0.690715 0.654691 0.181685 0.175001
17 0.605038 0.768928 0.162241 0.153126
17 0.541843 0.380644 0.220574 0.173786
17 0.692538 0.443839 0.171963 0.120313
17 0.756341 0.548961 0.182900 0.138542
17 0.718667 0.223872 0.162241 0.142188
17 0.410592 0.168577 0.175001 0.114237
17 0.532121 0.132118 0.152518 0.114237
17 0.309116 0.299220 0.179862 0.127605
17 0.298786 0.462676 0.142796 0.099653