20 0.585202 0.566037 0.247532 0.328728
26 0.633844 0.497546 0.120882 0.115726
26 0.776497 0.592648 0.140361 0.106560
26 0.860141 0.743321 0.132913 0.119164
26 0.746133 0.740456 0.158694 0.118018
26 0.732383 0.847589 0.164996 0.121455
26 0.357132 0.706082 0.139215 0.111143
26 0.327341 0.613272 0.174162 0.106560
26 0.473432 0.627022 0.154111 0.101977
26 0.308436 0.821809 0.151246 0.150100
26 0.535305 0.370361 0.128330 0.111143
26 0.753008 0.414475 0.139215 0.112289
26 0.608064 0.765091 0.172444 0.116872
26 0.608064 0.593793 0.163277 0.099685