24 0.531867 0.288999 0.179553 0.131141
24 0.677716 0.493678 0.139108 0.138495
24 0.782507 0.308609 0.188133 0.145849
24 0.702228 0.199529 0.132367 0.116434
24 0.338219 0.152955 0.142172 0.101727
24 0.297161 0.230782 0.145236 0.093147
24 0.575990 0.716128 0.176489 0.137270
24 0.829693 0.596017 0.188133 0.127465
24 0.872590 0.467940 0.181392 0.118885
24 0.278164 0.443428 0.153203 0.111531
24 0.397662 0.299417 0.153815 0.102952
24 0.498163 0.409723 0.191197 0.156879
24 0.539221 0.188498 0.158718 0.096824
24 0.708969 0.066549 0.142172 0.095598
23 0.286576 0.389901 0.320216 0.425027