5 0.307130 0.550139 0.274380 0.258407
17 0.583957 0.547556 0.163531 0.097793
17 0.243855 0.704025 0.149406 0.117351
17 0.474212 0.715434 0.169508 0.127131
17 0.689899 0.327522 0.117351 0.105399
17 0.545926 0.254721 0.104312 0.114092
17 0.465519 0.295468 0.134737 0.084754
17 0.557336 0.438897 0.153752 0.126044
17 0.734993 0.569288 0.166791 0.093447
17 0.292208 0.540493 0.118981 0.090187
17 0.264500 0.366639 0.147776 0.085840
17 0.755094 0.228643 0.120068 0.094533
17 0.494857 0.608948 0.165161 0.098879
17 0.674687 0.646979 0.133107 0.131477
17 0.609492 0.738252 0.118981 0.122784