24 0.373496 0.416319 0.110209 0.086962
24 0.317530 0.556234 0.108057 0.094711
24 0.556030 0.570871 0.139914 0.103321
24 0.429462 0.612630 0.111501 0.083518
24 0.543976 0.683233 0.154982 0.138623
24 0.257259 0.722409 0.122694 0.103321
24 0.209904 0.418902 0.104182 0.092128
24 0.315808 0.342703 0.099877 0.080935
24 0.404062 0.326344 0.079213 0.086101
24 0.478109 0.345286 0.103321 0.087823
24 0.502217 0.458509 0.110209 0.085240
24 0.460889 0.526098 0.108057 0.079213
24 0.565502 0.381018 0.108057 0.081796
24 0.587888 0.451621 0.106765 0.081796
26 0.515805 0.546151 0.257952 0.149622