24 0.329538 0.629261 0.100665 0.088082
24 0.230446 0.506576 0.120720 0.092801
24 0.387342 0.510115 0.119540 0.084150
24 0.337010 0.440121 0.111282 0.077858
24 0.476997 0.449165 0.099486 0.075499
24 0.557608 0.478264 0.099486 0.084936
24 0.532049 0.751554 0.150998 0.129764
24 0.276060 0.775934 0.125831 0.088868
24 0.427451 0.685099 0.114428 0.073926
24 0.459695 0.608027 0.111282 0.077072
24 0.217470 0.589153 0.132123 0.097519
26 0.653325 0.773562 0.248788 0.353157
26 0.774078 0.523561 0.155341 0.209953
26 0.616310 0.510818 0.151700 0.169297
31 0.355387 0.383390 0.103156 0.170511
31 0.322013 0.629144 0.110437 0.205098
31 0.196405 0.837883 0.126214 0.208739
31 0.306236 0.840310 0.114685 0.219055
31 0.405144 0.603051 0.089806 0.183253
31 0.474926 0.666159 0.104369 0.192355
31 0.263153 0.390065 0.085559 0.156554
31 0.197619 0.610333 0.107403 0.187501
26 0.511941 0.257176 0.072209 0.146845
26 0.695801 0.397953 0.160802 0.234225