31 0.545250 0.397485 0.131123 0.101581
31 0.570645 0.487664 0.132678 0.101581
31 0.479430 0.530680 0.146671 0.104691
31 0.495496 0.710521 0.164292 0.126458
31 0.630765 0.738507 0.167402 0.149262
31 0.779509 0.693936 0.171548 0.120239
31 0.804386 0.562813 0.149262 0.117129
31 0.923588 0.582508 0.122830 0.117129
31 0.655642 0.439983 0.139415 0.101581
31 0.817861 0.435837 0.163256 0.109874
31 0.805422 0.351877 0.132678 0.087070
31 0.606406 0.326481 0.140970 0.104691
31 0.928253 0.419770 0.114020 0.106764
18 0.512581 0.693193 0.667454 0.239431