26 0.650594 0.628170 0.077420 0.074118
26 0.741957 0.689079 0.089895 0.068247
26 0.795527 0.785579 0.085125 0.076319
26 0.722510 0.783744 0.101637 0.075585
26 0.713704 0.852358 0.105673 0.077787
26 0.473372 0.761729 0.089161 0.071182
26 0.454292 0.702288 0.111544 0.068247
26 0.547856 0.711094 0.098701 0.065312
26 0.442183 0.835847 0.096867 0.096133
26 0.587484 0.546714 0.082190 0.071182
26 0.726913 0.574967 0.089161 0.071916
26 0.634082 0.799522 0.110443 0.074852
26 0.634082 0.689813 0.104572 0.063844
35 0.442755 0.655284 0.201236 0.312986
35 0.573711 0.628219 0.185085 0.271953