20 0.593387 0.711439 0.386308 0.418760
17 0.546888 0.622490 0.186825 0.111723
17 0.158341 0.801246 0.170687 0.134067
17 0.421510 0.814280 0.193653 0.145239
17 0.667921 0.371114 0.134067 0.120412
17 0.503440 0.287942 0.119171 0.130343
17 0.411579 0.334494 0.153929 0.096826
17 0.516475 0.498354 0.175653 0.143998
17 0.719437 0.647317 0.190549 0.106757
17 0.213582 0.614421 0.135929 0.103033
17 0.181927 0.415803 0.168825 0.098068
17 0.742403 0.258150 0.137171 0.107999
17 0.445096 0.692627 0.188687 0.112964
17 0.650542 0.736075 0.152067 0.150205
17 0.576060 0.840349 0.135929 0.140274