22 0.537989 0.449069 0.491430 0.366789
31 0.343038 0.624920 0.105699 0.073989
31 0.428588 0.598165 0.098762 0.074650
31 0.424624 0.663566 0.106690 0.078613
31 0.341717 0.688009 0.094138 0.062759
31 0.336432 0.824757 0.115278 0.094468
31 0.544196 0.857127 0.109993 0.103717
31 0.424624 0.870669 0.133114 0.100414
31 0.463601 0.728967 0.095129 0.068044
31 0.384327 0.764640 0.125187 0.089183
31 0.500265 0.639453 0.092486 0.079274
31 0.539902 0.691642 0.103056 0.071347
31 0.484080 0.550931 0.098762 0.076632
31 0.265416 0.630535 0.110984 0.078613