20 0.541231 0.406636 0.239611 0.304243
31 0.487152 0.223238 0.165486 0.132159
31 0.353844 0.355972 0.149972 0.105727
31 0.177441 0.481810 0.193067 0.143651
31 0.226857 0.312877 0.217775 0.134457
31 0.487152 0.557658 0.190194 0.145949
31 0.623333 0.300235 0.177553 0.139054
31 0.638848 0.177845 0.174680 0.131010
31 0.203873 0.187613 0.183873 0.125264
31 0.357866 0.222664 0.160889 0.133308
31 0.415901 0.069819 0.145375 0.087340
31 0.317070 0.126705 0.140778 0.099981
31 0.353270 0.440439 0.145375 0.106876