0 0.307248 0.640392 0.567622 0.571132
0 0.453165 0.644404 0.323925 0.563610
0 0.267134 0.631366 0.216619 0.548567
0 0.151804 0.637885 0.256733 0.576647
26 0.489642 0.709370 0.166190 0.128933
26 0.652064 0.743278 0.192144 0.126422
26 0.633227 0.621043 0.136050 0.119724
26 0.453222 0.567460 0.122654 0.084560
26 0.486712 0.891886 0.147352 0.113863
26 0.812812 0.917003 0.140654 0.122235
26 0.603086 0.850025 0.122654 0.127259
26 0.757136 0.686765 0.091677 0.090421
26 0.726159 0.573321 0.152794 0.086235