22 0.466880 0.489460 0.047990 0.043797
22 0.485517 0.605941 0.059638 0.035876
22 0.370434 0.485733 0.041467 0.034012
22 0.726400 0.386957 0.038672 0.042865
22 0.468278 0.414912 0.068491 0.037740
22 0.675614 0.564008 0.051717 0.039603
22 0.580100 0.561212 0.051717 0.041933
22 0.639738 0.447527 0.046592 0.039603
22 0.472006 0.355740 0.045195 0.036808
22 0.421686 0.384627 0.068491 0.034012
22 0.741309 0.542109 0.040069 0.041001
22 0.618305 0.505301 0.146300 0.064297
20 0.606282 0.527999 0.240348 0.507568