21 0.264995 0.471593 0.167767 0.145096
21 0.414625 0.544141 0.188738 0.163233
21 0.700850 0.390543 0.160399 0.119024
21 0.372683 0.359370 0.142262 0.104288
21 0.261594 0.338966 0.140562 0.117891
21 0.606197 0.099784 0.143396 0.122425
21 0.651540 0.294190 0.113356 0.107688
21 0.610732 0.625757 0.134327 0.102021
21 0.301269 0.198404 0.179670 0.138295
21 0.560855 0.526571 0.167767 0.134894
24 0.476059 0.599416 0.284388 0.187166
24 0.625792 0.750708 0.267751 0.223559
24 0.374677 0.342582 0.231358 0.135175
24 0.647628 0.496994 0.184566 0.146613
24 0.681941 0.339983 0.216281 0.136215