12 0.264466 0.268345 0.290572 0.279368
31 0.243636 0.217552 0.110843 0.073896
31 0.315198 0.174770 0.100731 0.080118
31 0.363035 0.120320 0.090230 0.075451
31 0.517049 0.146767 0.105787 0.078563
31 0.391427 0.293392 0.099565 0.077785
31 0.286417 0.404624 0.113177 0.087119
31 0.496436 0.399568 0.124456 0.092564
31 0.385204 0.436905 0.130679 0.094120
31 0.265026 0.280946 0.091397 0.063784
31 0.196187 0.306615 0.108899 0.059117
31 0.200076 0.356787 0.117066 0.063006
31 0.398427 0.206273 0.090230 0.073118
31 0.245969 0.059259 0.084008 0.052894
31 0.460655 0.248277 0.110843 0.065339
31 0.509660 0.298059 0.113955 0.085563
31 0.522883 0.208995 0.106954 0.073896