31 0.429714 0.347068 0.156763 0.109734
31 0.556594 0.307387 0.146475 0.110714
31 0.550715 0.404384 0.158233 0.116592
31 0.427755 0.440636 0.139617 0.093078
31 0.419916 0.643448 0.170970 0.140107
31 0.728053 0.691456 0.163131 0.153824
31 0.550715 0.711541 0.197423 0.148925
31 0.608522 0.501381 0.141087 0.100916
31 0.490950 0.554289 0.185666 0.132269
31 0.662899 0.368623 0.137168 0.117572
31 0.721685 0.446024 0.152844 0.105815
31 0.638895 0.237334 0.146475 0.113653
31 0.314591 0.355396 0.164601 0.116592
34 0.593089 0.340781 0.101490 0.058998
32 0.510562 0.337270 0.067426 0.057593
18 0.330760 0.455616 0.087443 0.030201
34 0.538305 0.443325 0.071640 0.040736
22 0.455076 0.446486 0.087443 0.036874
5 0.415042 0.355180 0.085336 0.035469