24 0.357719 0.507554 0.146859 0.115881
24 0.283143 0.693995 0.143990 0.126207
24 0.600954 0.713500 0.186442 0.137680
24 0.432296 0.769146 0.148580 0.111291
24 0.584891 0.863227 0.206520 0.184721
24 0.202829 0.915431 0.163495 0.137680
24 0.139726 0.510996 0.138827 0.122765
24 0.280848 0.409457 0.133091 0.107849
24 0.398450 0.387657 0.105555 0.114733
24 0.497120 0.412899 0.137680 0.117028
24 0.529246 0.563773 0.146859 0.113586
24 0.474174 0.653839 0.143990 0.105555
24 0.613575 0.460513 0.143990 0.108997
24 0.643405 0.554594 0.142269 0.108997
12 0.527610 0.600402 0.289652 0.404566