9 0.440952 0.576744 0.192931 0.112441
31 0.114182 0.218557 0.119766 0.092010
31 0.295162 0.248974 0.112542 0.092010
31 0.431276 0.236807 0.131932 0.099615
31 0.272729 0.446302 0.132693 0.106458
31 0.078443 0.369500 0.119385 0.101896
31 0.131672 0.434136 0.141057 0.094292
31 0.234328 0.575953 0.157026 0.130031
31 0.406183 0.584318 0.168432 0.123948
31 0.416828 0.318172 0.130792 0.095052
31 0.308089 0.329958 0.116724 0.091250
31 0.160568 0.321214 0.125849 0.085927
31 0.091750 0.609792 0.146000 0.091250
31 0.388313 0.463792 0.134974 0.107979