24 0.337097 0.295853 0.155765 0.123890
24 0.168101 0.413729 0.192451 0.133513
24 0.365964 0.622419 0.161779 0.156367
24 0.538569 0.707217 0.176213 0.133513
24 0.719594 0.634447 0.237557 0.161178
24 0.569241 0.565285 0.182829 0.128702
24 0.620962 0.461241 0.155765 0.120282
24 0.717188 0.344567 0.165388 0.120282
24 0.577661 0.289237 0.158772 0.115471
24 0.314243 0.134675 0.166591 0.119079
24 0.512708 0.100996 0.141331 0.092617
24 0.165094 0.304273 0.170199 0.109457
24 0.166296 0.546039 0.188843 0.162381
24 0.572248 0.183389 0.182829 0.108254
24 0.755077 0.193012 0.118478 0.122688
9 0.202718 0.392812 0.137125 0.203261
9 0.306472 0.308475 0.112855 0.209935
9 0.405372 0.207754 0.111642 0.194159
9 0.638363 0.207148 0.109821 0.177170
9 0.544924 0.287845 0.111642 0.177170
9 0.456945 0.383711 0.114069 0.192946
9 0.355618 0.476544 0.126810 0.191126
9 0.254898 0.566949 0.118923 0.174137
9 0.406585 0.644006 0.104361 0.204474