31 0.475226 0.476902 0.188514 0.150984
31 0.618014 0.272859 0.133297 0.101806
31 0.795743 0.454039 0.169102 0.139768
31 0.566248 0.564473 0.138042 0.110434
31 0.794017 0.293134 0.122081 0.090590
31 0.617582 0.384155 0.127689 0.093178
31 0.697388 0.322468 0.115179 0.088865
31 0.429500 0.362586 0.128983 0.089727
31 0.686603 0.447568 0.122944 0.104394
21 0.475963 0.229657 0.065820 0.060584
21 0.535051 0.235640 0.069185 0.061332
21 0.594513 0.249852 0.069185 0.070307
21 0.662203 0.257331 0.074421 0.054974
21 0.707828 0.306696 0.070307 0.053479
21 0.687633 0.349703 0.076665 0.053479
21 0.470354 0.267428 0.065072 0.046373