22 0.598198 0.488170 0.044034 0.043652
22 0.661378 0.476300 0.062414 0.038291
22 0.535784 0.524163 0.056288 0.039057
22 0.535401 0.558625 0.055139 0.042120
22 0.639552 0.591172 0.055139 0.036759
22 0.721878 0.562454 0.044034 0.037525
22 0.511278 0.426905 0.047864 0.031399
22 0.589008 0.413503 0.058202 0.038291
22 0.842877 0.483192 0.047098 0.030633
9 0.378414 0.337421 0.223917 0.160993
9 0.642012 0.476873 0.231286 0.167796
9 0.390885 0.503516 0.249426 0.168929
9 0.592694 0.317580 0.220515 0.153057
9 0.558114 0.177562 0.187636 0.133783
9 0.753687 0.146950 0.174031 0.145121
9 0.804706 0.292638 0.205776 0.155324