26 0.768079 0.526287 0.240970 0.165109
26 0.707228 0.681255 0.369163 0.203242
24 0.528432 0.658723 0.157498 0.137810
24 0.373396 0.466773 0.188874 0.145193
24 0.618870 0.472310 0.187028 0.131658
24 0.540122 0.362800 0.174109 0.121815
24 0.759142 0.376950 0.155652 0.118123
24 0.885263 0.422477 0.155652 0.132889
24 0.845273 0.850058 0.236246 0.203024
24 0.444762 0.888202 0.196872 0.139041
24 0.681623 0.746085 0.179030 0.115662
24 0.732072 0.625501 0.174109 0.120584
24 0.353093 0.595971 0.206716 0.152576