16 0.361741 0.354491 0.346453 0.571730
31 0.331522 0.277545 0.182705 0.140364
31 0.607610 0.323946 0.171685 0.140364
31 0.815256 0.305386 0.201266 0.151965
31 0.573389 0.624975 0.202426 0.162405
31 0.277000 0.507812 0.182125 0.155445
31 0.358203 0.606415 0.215186 0.143844
31 0.514807 0.822761 0.239547 0.198366
31 0.776975 0.835521 0.256948 0.189086
31 0.793216 0.429509 0.199526 0.145004
31 0.627331 0.447490 0.178065 0.139204
31 0.402284 0.434149 0.191986 0.131084
31 0.297301 0.874383 0.222727 0.139204
31 0.749714 0.651656 0.205906 0.164725