20 0.264244 0.382371 0.187394 0.316656
26 0.307190 0.617450 0.148248 0.094110
26 0.537911 0.662481 0.140153 0.087026
26 0.417490 0.545097 0.123962 0.078931
26 0.559161 0.503102 0.115866 0.114349
26 0.690207 0.585069 0.123962 0.096134
26 0.425586 0.739894 0.159380 0.100181
26 0.317309 0.692840 0.139141 0.091074
26 0.665414 0.721680 0.144201 0.102205
26 0.657319 0.428219 0.109289 0.094110
26 0.464039 0.389259 0.128010 0.103217
26 0.657825 0.811236 0.161909 0.101193
26 0.784822 0.477298 0.118902 0.082979
26 0.688689 0.514233 0.123962 0.077919
26 0.287963 0.421135 0.110301 0.086014