26 0.339338 0.462932 0.088635 0.062328
26 0.362408 0.561685 0.091873 0.062328
26 0.648953 0.520403 0.099158 0.078517
26 0.553438 0.435006 0.095920 0.058280
26 0.547772 0.364988 0.088635 0.060709
26 0.242609 0.365393 0.080945 0.046948
26 0.441329 0.649915 0.100372 0.070422
26 0.654214 0.643035 0.121418 0.064756
26 0.424735 0.471431 0.099158 0.072851
26 0.455899 0.282829 0.069208 0.066375
26 0.325173 0.611061 0.090658 0.086611
26 0.326792 0.712647 0.106847 0.085802
26 0.441734 0.374297 0.097134 0.055043
26 0.399238 0.408699 0.093896 0.060709
26 0.302104 0.307922 0.063542 0.053424
22 0.765468 0.687750 0.051733 0.049010
22 0.621549 0.748818 0.065347 0.056012
22 0.597822 0.648853 0.059123 0.041231
22 0.672115 0.662856 0.072737 0.041231
22 0.617659 0.706421 0.092186 0.045898
23 0.826536 0.551611 0.112023 0.098798
23 0.697787 0.487042 0.105800 0.185928