26 0.231923 0.594469 0.094414 0.051499
26 0.129283 0.664207 0.125170 0.075817
26 0.273408 0.662777 0.087262 0.062585
26 0.125349 0.752541 0.097275 0.067950
26 0.344218 0.572296 0.070453 0.060439
26 0.455441 0.563356 0.068665 0.064731
26 0.150741 0.491472 0.080467 0.071526
26 0.411772 0.286413 0.185445 0.115492
26 0.446514 0.451670 0.196712 0.107981
26 0.683132 0.311765 0.163849 0.138027
26 0.382664 0.580777 0.178872 0.125821
26 0.293463 0.442750 0.123943 0.107042
26 0.549800 0.237587 0.202816 0.115492
26 0.584541 0.507069 0.127699 0.132394