22 0.123684 0.429350 0.056938 0.037365
22 0.213983 0.504971 0.054713 0.048041
22 0.093436 0.542336 0.062720 0.042703
22 0.378569 0.613063 0.061831 0.047151
22 0.271366 0.556125 0.065389 0.040034
22 0.228663 0.622404 0.086741 0.046262
22 0.125018 0.615287 0.068948 0.055158
22 0.251794 0.439581 0.056938 0.036476
22 0.338979 0.478281 0.053379 0.040924
22 0.344317 0.561018 0.064055 0.039145
22 0.409706 0.561463 0.056938 0.057827
22 0.362110 0.688683 0.061831 0.043593
22 0.189073 0.667777 0.076065 0.046262
1 0.665201 0.507274 0.341663 0.453296
1 0.401906 0.470063 0.254838 0.314037