9 0.490984 0.228154 0.158944 0.119356
9 0.467940 0.328011 0.157762 0.132355
9 0.632793 0.341010 0.162489 0.125264
9 0.616840 0.450912 0.165444 0.132355
9 0.602068 0.580312 0.176670 0.140627
9 0.392309 0.709713 0.182579 0.151263
9 0.578433 0.726848 0.195578 0.166625
9 0.764557 0.737484 0.189078 0.157171
9 0.775193 0.588585 0.179625 0.154808
9 0.774011 0.466274 0.170171 0.108720
9 0.791737 0.354600 0.174898 0.116992
9 0.787010 0.245880 0.146536 0.107538
9 0.641656 0.227563 0.160717 0.115811
9 0.316678 0.315603 0.176670 0.121719
9 0.346812 0.206882 0.160717 0.126446
13 0.351629 0.459856 0.272092 0.276951
13 0.502859 0.289191 0.244761 0.183419
13 0.297575 0.216309 0.231400 0.178560
13 0.662591 0.668176 0.307926 0.232007