20 0.575738 0.748662 0.234765 0.399275
22 0.582951 0.632881 0.041734 0.027388
22 0.649138 0.688308 0.040103 0.035213
22 0.560780 0.715696 0.045972 0.031300
22 0.769774 0.767537 0.045320 0.034561
22 0.691197 0.725803 0.047928 0.029344
22 0.659897 0.774384 0.063579 0.033909
22 0.583929 0.769167 0.050537 0.040429
22 0.676851 0.640380 0.041734 0.026736
22 0.740756 0.668745 0.039125 0.029996
22 0.744668 0.729390 0.046950 0.028692
22 0.792597 0.729716 0.041734 0.042386
22 0.757710 0.822964 0.045320 0.031952
22 0.630879 0.807640 0.055754 0.033909