35 0.622869 0.505472 0.107710 0.234761
35 0.804609 0.501804 0.101374 0.167401
35 0.694898 0.653531 0.113046 0.241431
35 0.530498 0.515476 0.095038 0.226758
22 0.473075 0.687266 0.524727 0.218269
22 0.306066 0.689471 0.076615 0.048504
22 0.578902 0.758369 0.074961 0.062835
22 0.505044 0.666321 0.077717 0.057323
22 0.389295 0.634904 0.077717 0.054016
22 0.672604 0.845456 0.086536 0.062835
22 0.485201 0.854826 0.079370 0.061733
22 0.479689 0.801912 0.094252 0.055118
22 0.336933 0.516950 0.073307 0.042992