32 0.690058 0.674165 0.354476 0.214046
32 0.415386 0.440941 0.405822 0.368704
17 0.441402 0.742925 0.106938 0.076686
17 0.670756 0.747850 0.122767 0.080907
17 0.649650 0.661315 0.122064 0.096385
17 0.512460 0.614881 0.101309 0.080907
17 0.572612 0.541010 0.112566 0.072464
17 0.751662 0.563523 0.095681 0.087942
17 0.744627 0.824535 0.105882 0.106234
17 0.603920 0.797801 0.132265 0.082314
17 0.582813 0.882225 0.150205 0.094978
17 0.500500 0.838254 0.108697 0.091460
17 0.742868 0.701065 0.100254 0.067540