31 0.501218 0.334224 0.244934 0.158742
31 0.328214 0.412975 0.259817 0.189747
31 0.320773 0.251752 0.261057 0.164943
31 0.811882 0.355927 0.248035 0.182306
31 0.771576 0.595901 0.292681 0.223231
31 0.455332 0.558696 0.292681 0.198428
31 0.273646 0.694495 0.262917 0.221991
31 0.437969 0.138897 0.201528 0.157502
31 0.597952 0.213927 0.216410 0.181066
31 0.806301 0.193464 0.216410 0.177345
15 0.174296 0.399008 0.195951 0.095206
13 0.353629 0.428436 0.109054 0.054008
13 0.356053 0.489367 0.062663 0.027350
13 0.227265 0.496984 0.079280 0.031158
13 0.311392 0.547183 0.078242 0.031851
13 0.441911 0.520872 0.078242 0.048468