31 0.570061 0.602858 0.172243 0.140212
31 0.362160 0.526708 0.175869 0.111202
31 0.308977 0.618571 0.166199 0.111202
31 0.614783 0.430011 0.125707 0.101533
31 0.484846 0.401606 0.140212 0.102741
31 0.528360 0.494677 0.181913 0.102741
31 0.797301 0.572036 0.178891 0.124498
31 0.822684 0.417319 0.125707 0.102741
31 0.816640 0.301282 0.159551 0.119664
31 0.446167 0.280129 0.169221 0.120872
31 0.595444 0.334522 0.167408 0.094280
31 0.512435 0.288063 0.154114 0.111954
31 0.573727 0.378760 0.174663 0.120457
31 0.533692 0.476897 0.164389 0.122583
31 0.431658 0.378406 0.145612 0.108412
31 0.647773 0.263263 0.154823 0.111954
31 0.342732 0.553777 0.141714 0.127543
31 0.460355 0.561217 0.186000 0.112663
31 0.629704 0.564051 0.191314 0.106994
31 0.651670 0.451743 0.147383 0.145966
31 0.360092 0.253343 0.150217 0.104869