32 0.457555 0.581908 0.579966 0.550968
26 0.510874 0.352786 0.123378 0.118116
26 0.656472 0.449851 0.143259 0.108760
26 0.741842 0.603635 0.135657 0.121624
26 0.625481 0.600711 0.161970 0.120454
26 0.611447 0.710056 0.168402 0.123963
26 0.228449 0.565627 0.142090 0.113438
26 0.198043 0.470901 0.177758 0.108760
26 0.347149 0.484935 0.157292 0.104082
26 0.178747 0.683743 0.154369 0.153199
26 0.410300 0.222975 0.130980 0.113438
26 0.632498 0.268000 0.142090 0.114607
26 0.484561 0.625855 0.176004 0.119285
26 0.484561 0.451020 0.166648 0.101743