32 0.572895 0.657966 0.337717 0.334445
31 0.358689 0.265613 0.144515 0.111956
31 0.386678 0.365003 0.146228 0.111956
31 0.286146 0.412413 0.161651 0.115383
31 0.303854 0.610621 0.181072 0.139374
31 0.452938 0.641466 0.184499 0.164507
31 0.616874 0.592342 0.189069 0.132519
31 0.644292 0.447827 0.164507 0.129092
31 0.775669 0.469533 0.135376 0.129092
31 0.480356 0.312452 0.153654 0.111956
31 0.659143 0.307882 0.179929 0.121095
31 0.645434 0.215347 0.146228 0.095962
31 0.426091 0.187358 0.155368 0.115383
31 0.780809 0.290175 0.125665 0.117668