24 0.454037 0.660795 0.118200 0.095816
24 0.260048 0.566157 0.107597 0.084036
24 0.408485 0.502934 0.089926 0.075396
24 0.358614 0.723233 0.105633 0.076182
24 0.581268 0.640375 0.125661 0.087962
24 0.640957 0.713808 0.131944 0.096602
24 0.415553 0.846145 0.138227 0.094245
24 0.529433 0.831223 0.111916 0.080109
24 0.664911 0.523747 0.087962 0.079323
24 0.515689 0.511181 0.111916 0.087177
24 0.473279 0.751114 0.144510 0.103670
5 0.446867 0.726003 0.673233 0.335502
5 0.373302 0.423383 0.323798 0.129296
5 0.372745 0.287956 0.242431 0.139328