31 0.374673 0.329931 0.241478 0.151407
31 0.601232 0.469734 0.302262 0.232084
31 0.555920 0.168577 0.223796 0.177931
31 0.834421 0.251464 0.179589 0.180142
31 0.373568 0.201179 0.212191 0.123778
31 0.364727 0.492390 0.247557 0.186773
31 0.794083 0.591854 0.260819 0.257503
31 0.669752 0.339877 0.274081 0.177931
10 0.379115 0.444351 0.487347 0.355528
10 0.576023 0.342616 0.140023 0.228632
10 0.250578 0.602425 0.367561 0.367561
10 0.670101 0.528584 0.173388 0.296455
10 0.609387 0.192747 0.099001 0.154244