20 0.691579 0.529705 0.174800 0.160233
20 0.507311 0.498022 0.173707 0.200291
9 0.267490 0.295312 0.181565 0.141081
9 0.436787 0.304513 0.163776 0.142308
9 0.610991 0.314941 0.198127 0.145988
9 0.404277 0.427806 0.189539 0.126359
9 0.591363 0.446208 0.178498 0.143534
9 0.397530 0.556619 0.186472 0.138627
9 0.571120 0.581768 0.193219 0.149668
9 0.363793 0.707514 0.191379 0.150895
9 0.540451 0.730823 0.171751 0.168070
9 0.795010 0.356652 0.117772 0.087102
9 0.791329 0.429033 0.125133 0.087102
9 0.793783 0.508160 0.120225 0.085875
9 0.787649 0.582995 0.132493 0.083422
9 0.790103 0.661509 0.127586 0.085875
9 0.783969 0.735730 0.139854 0.092009