31 0.635064 0.387757 0.244985 0.179829
31 0.618123 0.615801 0.265400 0.203285
31 0.380957 0.658369 0.287119 0.138998
31 0.438294 0.485925 0.244550 0.186779
31 0.390513 0.310005 0.248025 0.173748
26 0.295586 0.489472 0.068433 0.055127
26 0.361484 0.498343 0.071918 0.056394
26 0.310476 0.568360 0.070968 0.046889
26 0.530666 0.544599 0.066849 0.056394
26 0.462233 0.418505 0.063364 0.047523
26 0.465084 0.474582 0.082690 0.045622
26 0.222717 0.409634 0.062413 0.037385
26 0.392849 0.348171 0.051642 0.047523
26 0.273408 0.683366 0.070968 0.075403
26 0.366236 0.637110 0.072552 0.053859
26 0.436887 0.629507 0.064948 0.053859
26 0.205609 0.604478 0.069383 0.053226
26 0.226836 0.529708 0.064314 0.050691
26 0.214480 0.486304 0.068433 0.046256
26 0.348811 0.450504 0.068433 0.049424
26 0.377642 0.420723 0.070017 0.044355
26 0.270874 0.364329 0.054176 0.035484