26 0.742905 0.714758 0.256150 0.363608
26 0.867232 0.457359 0.159937 0.216165
26 0.704795 0.444239 0.156189 0.174307
31 0.436150 0.313040 0.106208 0.175556
31 0.401789 0.566066 0.113706 0.211167
31 0.272464 0.780982 0.129949 0.214916
31 0.385545 0.783481 0.118079 0.225537
31 0.487380 0.539202 0.092464 0.188676
31 0.559227 0.604177 0.107458 0.198048
31 0.341187 0.319913 0.088091 0.161187
31 0.273714 0.546699 0.110582 0.193049
26 0.597337 0.183091 0.074346 0.151191
26 0.786638 0.328035 0.165560 0.241156
2 0.517265 0.629484 0.478651 0.467539