15 0.388168 0.211382 0.180482 0.087690
13 0.553344 0.238486 0.100445 0.049744
13 0.555576 0.294607 0.057716 0.025191
13 0.436955 0.301622 0.073022 0.028699
13 0.514441 0.347859 0.072065 0.029336
13 0.634656 0.323625 0.072065 0.044642
22 0.184348 0.607560 0.058892 0.044169
22 0.259191 0.752951 0.085271 0.052758
22 0.311949 0.598358 0.052144 0.035581
22 0.167785 0.851718 0.071775 0.068708
22 0.448138 0.840676 0.086498 0.053985
22 0.590461 0.795280 0.073616 0.058892
22 0.086194 0.683016 0.071775 0.047850
22 0.290478 0.871349 0.061960 0.068708