24 0.432634 0.371925 0.148252 0.105115
24 0.646831 0.422995 0.150731 0.108090
24 0.462384 0.475553 0.176018 0.127923
24 0.399910 0.592568 0.170564 0.127923
24 0.368177 0.190948 0.109578 0.088257
24 0.261078 0.173099 0.115032 0.094207
24 0.655260 0.286147 0.099165 0.098174
24 0.420734 0.257885 0.103132 0.073382
24 0.324048 0.446795 0.124453 0.086274
24 0.318098 0.354571 0.115032 0.080324
24 0.630965 0.625789 0.169077 0.117015
24 0.662698 0.204336 0.108586 0.077349
31 0.384030 0.515262 0.100683 0.135215