26 0.497289 0.428876 0.212026 0.133238
22 0.398493 0.475486 0.070481 0.046253
22 0.510272 0.569094 0.067728 0.059469
22 0.361049 0.615348 0.077640 0.052861
22 0.714007 0.702899 0.076538 0.058367
22 0.581304 0.632417 0.080943 0.049557
22 0.528443 0.714462 0.107374 0.057266
22 0.400145 0.705652 0.085348 0.068279
22 0.557076 0.488151 0.070481 0.045152
22 0.665000 0.536056 0.066076 0.050658
22 0.671608 0.638474 0.079291 0.048456
22 0.752551 0.639025 0.070481 0.071583
22 0.693633 0.796507 0.076538 0.053962
22 0.479436 0.770627 0.094159 0.057266