26 0.406742 0.399182 0.162415 0.109547
26 0.190506 0.411566 0.194327 0.101926
26 0.271475 0.537783 0.128122 0.099068
26 0.432938 0.558739 0.201947 0.114310
26 0.171454 0.289635 0.146221 0.117168
26 0.160023 0.648282 0.209568 0.167654
26 0.353397 0.682099 0.165273 0.124788
26 0.520575 0.454908 0.158605 0.116215
26 0.327677 0.265821 0.161463 0.094306
26 0.482948 0.260105 0.157652 0.132409
26 0.536293 0.358697 0.200518 0.106689
9 0.456843 0.479087 0.275687 0.222213
9 0.721835 0.444032 0.254891 0.240038
9 0.427135 0.297870 0.254891 0.180622
9 0.191851 0.514142 0.205577 0.230531
9 0.407528 0.160027 0.209142 0.152103
9 0.680244 0.263409 0.253703 0.173493