17 0.653254 0.599875 0.114653 0.093461
17 0.486980 0.735719 0.111392 0.091287
17 0.751062 0.750934 0.121717 0.104329
17 0.595656 0.930792 0.126064 0.107589
17 0.782578 0.456423 0.105959 0.089114
17 0.450574 0.462943 0.137475 0.106502
17 0.529364 0.592267 0.107045 0.078246
17 0.689117 0.460227 0.110306 0.096721
17 0.817354 0.671601 0.123347 0.102155
17 0.646733 0.748217 0.095635 0.070639
17 0.672816 0.833527 0.110306 0.104329
17 0.796162 0.872650 0.139105 0.104329
35 0.592995 0.570581 0.153878 0.201400
35 0.847196 0.653931 0.115786 0.236852
35 0.747628 0.466863 0.079579 0.196120
35 0.786097 0.601507 0.109752 0.211960