22 0.676438 0.385849 0.297847 0.191373
22 0.637038 0.343166 0.103191 0.053472
22 0.708334 0.448233 0.083491 0.047843
22 0.595292 0.451047 0.099439 0.044091
22 0.586380 0.421497 0.101315 0.045029
22 0.727096 0.343166 0.101315 0.040338
26 0.516270 0.517510 0.081594 0.066112
26 0.538865 0.579437 0.100423 0.071133
26 0.769002 0.636762 0.100423 0.076991
26 0.351409 0.571069 0.080339 0.061091
26 0.471917 0.670655 0.098331 0.064438
26 0.428400 0.827985 0.095821 0.096239
26 0.567319 0.478596 0.099168 0.060254
26 0.677366 0.546381 0.111721 0.060254
26 0.548908 0.764802 0.093728 0.066949
26 0.766910 0.765220 0.115487 0.072807
26 0.672345 0.474830 0.088289 0.066112
26 0.419194 0.407044 0.065694 0.051048
26 0.359777 0.461440 0.088289 0.047701
26 0.451413 0.567303 0.088289 0.068623
26 0.640125 0.750157 0.090381 0.071133
26 0.581964 0.384031 0.072388 0.060254