31 0.525121 0.551939 0.294402 0.201008
31 0.317001 0.418249 0.210016 0.123260
31 0.307519 0.557154 0.213809 0.169719
31 0.483402 0.294989 0.198638 0.146016
31 0.309416 0.311108 0.189631 0.121364
24 0.402091 0.639228 0.105774 0.116153
24 0.392205 0.801842 0.119613 0.134935
24 0.536532 0.615997 0.073152 0.104785
24 0.526646 0.513683 0.075129 0.095888
24 0.623029 0.576950 0.085508 0.102808
24 0.699146 0.576950 0.085014 0.117636
24 0.600292 0.789485 0.094405 0.122579
24 0.805414 0.711391 0.093417 0.118624
24 0.534555 0.719794 0.101819 0.126533