26 0.427198 0.541124 0.091130 0.073838
26 0.452434 0.610289 0.112160 0.079446
26 0.709467 0.674314 0.112160 0.085989
26 0.243070 0.600943 0.089728 0.068230
26 0.377661 0.712168 0.109823 0.071969
26 0.329059 0.887884 0.107019 0.107486
26 0.484213 0.497663 0.110758 0.067296
26 0.607121 0.573370 0.124777 0.067296
26 0.463650 0.817317 0.104682 0.074773
26 0.707130 0.817785 0.128983 0.081316
26 0.601513 0.493457 0.098607 0.073838
26 0.318778 0.417749 0.073371 0.057014
26 0.252417 0.478502 0.098607 0.053276
26 0.354762 0.596737 0.098607 0.076642
26 0.565529 0.800961 0.100944 0.079446
26 0.500569 0.392046 0.080848 0.067296
31 0.291436 0.666744 0.246786 0.181764
31 0.278136 0.798757 0.225605 0.135461