17 0.359111 0.277261 0.173380 0.120963
17 0.227564 0.475842 0.175900 0.124995
17 0.319294 0.627046 0.166828 0.153220
17 0.167586 0.680471 0.187996 0.141123
17 0.602044 0.496507 0.195557 0.123987
17 0.578356 0.352359 0.205637 0.160276
17 0.187747 0.235428 0.196061 0.095762
17 0.145410 0.356391 0.130539 0.079634
17 0.575332 0.217284 0.114411 0.077618
17 0.459913 0.164363 0.178924 0.104834
35 0.665604 0.460455 0.174281 0.111062
35 0.632286 0.537771 0.181116 0.070909
35 0.544291 0.393818 0.152496 0.061511
35 0.425540 0.351102 0.082015 0.107644
35 0.442627 0.495909 0.200338 0.072617
35 0.630577 0.312230 0.059375 0.098247