26 0.689416 0.525936 0.109845 0.105160
26 0.819044 0.612354 0.127546 0.096831
26 0.895051 0.749271 0.120778 0.108284
26 0.791452 0.746668 0.144205 0.107242
26 0.778958 0.844019 0.149931 0.110366
26 0.437969 0.715432 0.126504 0.100995
26 0.410898 0.631096 0.158261 0.096831
26 0.543650 0.643590 0.140040 0.092666
26 0.393718 0.820592 0.137437 0.136396
26 0.599874 0.410364 0.116613 0.100995
26 0.797700 0.450450 0.126504 0.102036
26 0.665989 0.769053 0.156699 0.106201
26 0.665989 0.613396 0.148369 0.090583
31 0.341568 0.486997 0.147755 0.096486
31 0.331599 0.578854 0.180154 0.113932