20 0.502271 0.351666 0.473193 0.338163
9 0.230210 0.237587 0.154644 0.120162
9 0.374405 0.245424 0.139493 0.121207
9 0.522779 0.254305 0.168750 0.124342
9 0.346715 0.350435 0.161436 0.107624
9 0.506061 0.366109 0.152032 0.122252
9 0.340968 0.460149 0.158823 0.118073
9 0.488820 0.481569 0.164570 0.127477
9 0.312234 0.588670 0.163003 0.128522
9 0.462698 0.608523 0.146285 0.143150
9 0.679513 0.289832 0.100310 0.074187
9 0.676378 0.351480 0.106579 0.074187
9 0.678468 0.418876 0.102399 0.073142
9 0.673244 0.482614 0.112848 0.071053
9 0.675334 0.549487 0.108669 0.073142
9 0.670109 0.612703 0.119118 0.078367