31 0.285036 0.299980 0.202882 0.146766
31 0.278757 0.109263 0.152652 0.110663
31 0.520489 0.242294 0.186400 0.124005
31 0.480070 0.143404 0.187185 0.109878
31 0.458879 0.367869 0.238592 0.166387
31 0.346254 0.479709 0.254289 0.142057
31 0.497964 0.385802 0.142515 0.092364
31 0.397301 0.431623 0.151174 0.110404
31 0.392972 0.337816 0.151895 0.095972
31 0.678722 0.398429 0.144319 0.106074
31 0.655271 0.538058 0.170296 0.129887
31 0.471265 0.516410 0.170296 0.115455
31 0.365551 0.595424 0.152978 0.129165
31 0.461162 0.272151 0.117259 0.091642
31 0.554248 0.315807 0.125918 0.105353
31 0.675475 0.303901 0.125918 0.103188