24 0.479405 0.542832 0.496326 0.419299
9 0.222565 0.246815 0.179064 0.139138
9 0.389531 0.255889 0.161521 0.140348
9 0.561336 0.266173 0.195398 0.143977
9 0.357469 0.377484 0.186929 0.124619
9 0.541978 0.395632 0.176040 0.141558
9 0.350814 0.504523 0.183904 0.136718
9 0.522014 0.529326 0.190558 0.147607
9 0.317542 0.653340 0.188744 0.148817
9 0.491767 0.676328 0.169385 0.165756
9 0.742820 0.307310 0.116150 0.085903
9 0.739191 0.378694 0.123409 0.085903
9 0.741610 0.456732 0.118570 0.084693
9 0.735561 0.530536 0.130669 0.082273
9 0.737981 0.607969 0.125829 0.084693
9 0.731931 0.681167 0.137928 0.090742