31 0.470320 0.744201 0.321892 0.235502
31 0.208783 0.401007 0.228993 0.171597
31 0.413516 0.418758 0.224260 0.181064
31 0.605823 0.547752 0.236686 0.188165
31 0.155528 0.562545 0.266863 0.205916
31 0.381563 0.568462 0.246153 0.196449
31 0.591622 0.347753 0.211242 0.166863
31 0.426533 0.287398 0.210058 0.143195
31 0.224167 0.255445 0.258579 0.176331
1 0.208465 0.221855 0.213342 0.093931
1 0.451785 0.277314 0.123908 0.118912
1 0.504746 0.455182 0.155885 0.182865
1 0.636149 0.557107 0.159882 0.146891