17 0.422363 0.583628 0.172623 0.150643
31 0.594561 0.217576 0.150324 0.120051
31 0.473466 0.338148 0.136231 0.096040
31 0.313225 0.452458 0.175378 0.130490
31 0.358113 0.299002 0.197823 0.122138
31 0.594561 0.521356 0.172768 0.132578
31 0.718265 0.287518 0.161285 0.126314
31 0.732358 0.176341 0.158676 0.119007
31 0.337235 0.185214 0.167027 0.113787
31 0.477120 0.217054 0.146149 0.121095
31 0.529838 0.078213 0.132056 0.079338
31 0.440061 0.129887 0.127880 0.090821
31 0.472944 0.414876 0.132056 0.097084