31 0.596777 0.582052 0.207511 0.145641
31 0.424855 0.485688 0.169185 0.110600
31 0.361889 0.578767 0.175207 0.114980
31 0.402954 0.813107 0.210249 0.160972
31 0.602800 0.770400 0.177945 0.152212
31 0.580351 0.399180 0.133048 0.097459
31 0.445113 0.336214 0.119908 0.074463
31 0.374482 0.377279 0.141809 0.093079
31 0.182849 0.531133 0.133048 0.098554
31 0.318087 0.671846 0.169185 0.106220
31 0.481797 0.678417 0.186705 0.125930
17 0.230107 0.502511 0.271602 0.171765
17 0.324833 0.669167 0.318768 0.222863