1 0.579564 0.801731 0.081413 0.091375
1 0.663382 0.776997 0.086223 0.111986
1 0.728307 0.749516 0.089658 0.088627
1 0.914836 0.720661 0.108895 0.105116
1 0.731055 0.910969 0.089658 0.094123
1 0.810407 0.911312 0.077978 0.101681
1 0.578534 0.883144 0.085192 0.087940
1 0.802850 0.740928 0.079696 0.081070
1 0.741992 0.156997 0.127002 0.158638
1 0.854322 0.220269 0.115081 0.127461
1 0.772711 0.362401 0.107745 0.105453
1 0.585646 0.414211 0.124710 0.157721
1 0.464605 0.440345 0.107745 0.116457
1 0.460937 0.556343 0.141674 0.117374
1 0.828647 0.476566 0.132045 0.115540