31 0.550312 0.321669 0.114251 0.076167
31 0.624074 0.277572 0.103828 0.082582
31 0.673382 0.221448 0.093004 0.077771
31 0.832131 0.248708 0.109040 0.080978
31 0.702647 0.399840 0.102626 0.080176
31 0.594409 0.514493 0.116656 0.089797
31 0.810885 0.509281 0.128282 0.095410
31 0.696233 0.547766 0.134696 0.097013
31 0.572360 0.387012 0.094207 0.065745
31 0.501404 0.413470 0.112247 0.060934
31 0.505413 0.465184 0.120665 0.064943
31 0.709863 0.310043 0.093004 0.075366
31 0.552717 0.158510 0.086590 0.054520
31 0.774004 0.353338 0.114251 0.067348
31 0.824515 0.404651 0.117458 0.088194
31 0.838145 0.312849 0.110242 0.076167
32 0.534047 0.657621 0.366932 0.170729