22 0.531147 0.687013 0.300775 0.113679
22 0.544409 0.853742 0.084785 0.045471
22 0.702138 0.839058 0.066786 0.053997
22 0.459624 0.790745 0.062050 0.050208
22 0.426941 0.846637 0.069628 0.052103
22 0.500359 0.899687 0.081943 0.052103
22 0.364418 0.579018 0.060629 0.047366
22 0.733400 0.906318 0.068207 0.057787
21 0.506124 0.643774 0.113487 0.086761
21 0.619223 0.657331 0.128980 0.103029
21 0.505736 0.534936 0.106515 0.072043
21 0.397672 0.432681 0.078627 0.056550
21 0.655244 0.564760 0.102254 0.072817
21 0.377919 0.712718 0.101092 0.088310
21 0.558800 0.394336 0.115811 0.075916
21 0.614188 0.471414 0.104191 0.072043
21 0.717991 0.526802 0.097219 0.069719
21 0.663765 0.717366 0.114649 0.088310