17 0.282942 0.608245 0.136727 0.095872
17 0.408230 0.738980 0.175947 0.117661
17 0.610324 0.685596 0.146532 0.091514
17 0.520989 0.528715 0.133458 0.119840
17 0.671334 0.360394 0.152524 0.103498
17 0.596706 0.790184 0.165597 0.137272
17 0.238275 0.805981 0.146532 0.118751
17 0.341773 0.335336 0.129101 0.112214
17 0.420214 0.444826 0.120385 0.087157
21 0.283487 0.402022 0.103255 0.082753
21 0.360276 0.443399 0.121148 0.077535
21 0.273049 0.579458 0.146123 0.102137
21 0.454212 0.585049 0.120403 0.093936
21 0.317781 0.293548 0.116302 0.076044
21 0.168675 0.304731 0.104374 0.086481
21 0.171285 0.587658 0.105492 0.078280
21 0.505654 0.357291 0.108474 0.075298
21 0.236518 0.275283 0.110338 0.073807
21 0.348720 0.623816 0.142023 0.095427