24 0.470065 0.690656 0.206645 0.150524
24 0.521400 0.426586 0.182282 0.127032
24 0.771983 0.415274 0.158790 0.113111
24 0.665833 0.632360 0.220566 0.148784
24 0.524445 0.824648 0.220566 0.148784
24 0.773288 0.741120 0.198379 0.164446
17 0.681500 0.326001 0.203745 0.171121
17 0.691964 0.477425 0.221596 0.141575
17 0.305402 0.433722 0.170506 0.125571
17 0.560853 0.554368 0.224674 0.142806
17 0.795991 0.632543 0.174199 0.193281
17 0.827999 0.408484 0.175430 0.139113
17 0.708584 0.193659 0.120031 0.096025
17 0.776293 0.241056 0.131111 0.116953
17 0.298631 0.197352 0.200052 0.113260
17 0.512225 0.697175 0.216672 0.167428
17 0.225997 0.646700 0.195128 0.152655
17 0.244463 0.320461 0.128033 0.086176
17 0.191526 0.460190 0.126187 0.136651