17 0.472288 0.433529 0.212519 0.192713
31 0.296906 0.367925 0.157776 0.122230
31 0.327464 0.476435 0.159647 0.122230
31 0.217706 0.528196 0.176485 0.125972
31 0.237038 0.744593 0.197688 0.152164
31 0.399804 0.778268 0.201430 0.179603
31 0.578783 0.724637 0.206419 0.144680
31 0.608717 0.566860 0.179603 0.140939
31 0.752150 0.590558 0.147798 0.140939
31 0.429738 0.419062 0.167754 0.122230
31 0.624931 0.414073 0.196441 0.132208
31 0.609965 0.313046 0.159647 0.104769
31 0.370494 0.282489 0.169625 0.125972
31 0.757763 0.394741 0.137197 0.128466