26 0.624903 0.647306 0.216085 0.159851
26 0.479111 0.729054 0.256178 0.149958
22 0.489039 0.670208 0.049738 0.045392
22 0.508355 0.790931 0.061810 0.037183
22 0.389080 0.666345 0.042978 0.035251
22 0.758012 0.563971 0.040080 0.044426
22 0.490488 0.592945 0.070985 0.039114
22 0.705376 0.747471 0.053601 0.041046
22 0.606383 0.744573 0.053601 0.043461
22 0.668193 0.626747 0.048289 0.041046
22 0.494351 0.531617 0.046841 0.038149
22 0.442199 0.561556 0.070985 0.035251
22 0.773464 0.724775 0.041529 0.042495
22 0.645980 0.686626 0.151629 0.066639