17 0.360401 0.447138 0.136798 0.081806
17 0.075898 0.578028 0.124981 0.098167
17 0.268596 0.587572 0.141797 0.106348
17 0.449024 0.263075 0.098167 0.088169
17 0.328587 0.202175 0.087260 0.095440
17 0.261325 0.236261 0.112710 0.070899
17 0.338131 0.356243 0.128617 0.105439
17 0.486746 0.465317 0.139525 0.078170
17 0.116346 0.441230 0.099531 0.075443
17 0.093168 0.295797 0.123618 0.071807
17 0.503561 0.180360 0.100440 0.079079
17 0.285866 0.498494 0.138161 0.082715
17 0.436299 0.530308 0.111347 0.109984
17 0.381761 0.606660 0.099531 0.102712
35 0.630878 0.613391 0.223690 0.529019
35 0.451817 0.627542 0.201920 0.437584
35 0.253707 0.441950 0.148038 0.499629