24 0.290568 0.577263 0.099549 0.109318
24 0.281265 0.730308 0.112574 0.126995
24 0.417098 0.555399 0.068847 0.098619
24 0.407795 0.459106 0.070708 0.090246
24 0.498505 0.518649 0.080477 0.096758
24 0.570144 0.518649 0.080012 0.110714
24 0.477107 0.718678 0.088850 0.115366
24 0.670158 0.645179 0.087920 0.111644
24 0.415237 0.653087 0.095828 0.119087
9 0.243128 0.558799 0.277669 0.225638
9 0.508433 0.576829 0.249850 0.224608
9 0.532645 0.396010 0.245729 0.186486
9 0.291553 0.374373 0.249850 0.165880
9 0.328644 0.224978 0.230790 0.163819
9 0.564070 0.235797 0.248820 0.173092