31 0.512104 0.563434 0.172963 0.129855
31 0.185653 0.392463 0.160072 0.138619
31 0.327023 0.432618 0.167223 0.124317
31 0.225809 0.503578 0.169974 0.129818
31 0.317121 0.575638 0.164473 0.119917
31 0.212057 0.663100 0.177675 0.134219
31 0.502497 0.570688 0.162823 0.143020
31 0.653768 0.587190 0.189226 0.127618
31 0.500297 0.327004 0.152371 0.117716
31 0.256063 0.307201 0.165573 0.113316
31 0.462342 0.734060 0.217280 0.144120
31 0.680722 0.728560 0.193627 0.146320
31 0.308870 0.802820 0.206829 0.149621
31 0.523950 0.428768 0.152371 0.121017
31 0.665870 0.407315 0.178775 0.124317
31 0.671921 0.292349 0.169974 0.125417