17 0.482382 0.282521 0.099948 0.067835
17 0.343466 0.330510 0.131700 0.071443
17 0.423207 0.401592 0.083711 0.085154
17 0.540475 0.380664 0.116546 0.085154
17 0.637175 0.429736 0.109690 0.073608
17 0.619495 0.264840 0.085515 0.067113
17 0.340579 0.099584 0.073969 0.065670
17 0.443414 0.134584 0.076134 0.062061
17 0.549856 0.127006 0.079020 0.070000
17 0.496815 0.158759 0.067474 0.065670
17 0.474083 0.067831 0.068195 0.064226
17 0.359703 0.219377 0.099226 0.072886
17 0.380270 0.278912 0.113659 0.064948
17 0.437280 0.236696 0.084793 0.051237
17 0.579083 0.201336 0.079742 0.051237
21 0.275921 0.495852 0.135267 0.089649
21 0.390164 0.380022 0.103533 0.089649
21 0.295359 0.360982 0.090046 0.075369
21 0.145811 0.562494 0.116226 0.086476
21 0.189446 0.626359 0.144787 0.114243
21 0.217213 0.729891 0.195562 0.118210
21 0.452046 0.500216 0.134473 0.104723
21 0.310829 0.617632 0.135267 0.095202