26 0.542834 0.664580 0.234271 0.176552
26 0.504637 0.579700 0.194377 0.131990
17 0.446389 0.676896 0.172683 0.117200
17 0.206378 0.759808 0.227542 0.123434
17 0.344151 0.882619 0.144630 0.147123
17 0.546757 0.846461 0.201359 0.147123
17 0.713829 0.931244 0.189515 0.127174
17 0.683282 0.646349 0.147747 0.115953
17 0.201391 0.360830 0.127798 0.113459
17 0.379061 0.421300 0.131538 0.107225
17 0.562965 0.408209 0.136525 0.120940
17 0.471325 0.463068 0.116576 0.113459
17 0.432051 0.305971 0.117823 0.110966
17 0.234432 0.567800 0.171436 0.125928
17 0.269966 0.670662 0.196372 0.112213
17 0.368463 0.597723 0.146500 0.088523
17 0.613461 0.536630 0.137772 0.088523