17 0.742571 0.548210 0.140512 0.118013
17 0.749787 0.652639 0.152823 0.097637
17 0.483196 0.622499 0.117589 0.086600
17 0.659367 0.705702 0.154946 0.098486
17 0.821529 0.759615 0.120136 0.133296
17 0.843604 0.605094 0.120985 0.095939
17 0.761249 0.456940 0.082779 0.066223
17 0.807945 0.489627 0.090420 0.080657
17 0.478526 0.459487 0.137965 0.078110
17 0.625831 0.804188 0.149427 0.115466
17 0.428434 0.769378 0.134569 0.105278
17 0.441170 0.544389 0.088298 0.059431
17 0.404662 0.640752 0.087024 0.094241
10 0.342344 0.422216 0.284169 0.297628
10 0.426557 0.641015 0.490663 0.146122