31 0.167196 0.363880 0.123548 0.094917
31 0.353892 0.395258 0.116096 0.094917
31 0.494306 0.382707 0.136099 0.102761
31 0.330751 0.598818 0.136884 0.109821
31 0.130328 0.519591 0.123156 0.105114
31 0.185238 0.586268 0.145513 0.097270
31 0.291137 0.732565 0.161986 0.134138
31 0.468419 0.741193 0.173752 0.127863
31 0.479401 0.466641 0.134923 0.098054
31 0.367227 0.478800 0.120411 0.094132
31 0.215047 0.469779 0.129824 0.088641
31 0.144056 0.767472 0.150611 0.094132
31 0.449985 0.616860 0.139237 0.111390
1 0.692693 0.598411 0.228727 0.279260
1 0.528860 0.559581 0.179790 0.186173