24 0.496625 0.318986 0.138826 0.100184
24 0.717984 0.580418 0.166496 0.138349
24 0.696039 0.264601 0.108294 0.090642
24 0.424111 0.242179 0.123560 0.087780
24 0.582974 0.516968 0.125945 0.095413
24 0.450827 0.472601 0.115927 0.105908
24 0.419341 0.658180 0.135009 0.106863
24 0.871122 0.452564 0.160294 0.115450
24 0.832479 0.373849 0.146459 0.078239
24 0.815782 0.279867 0.128331 0.102092
24 0.903562 0.245518 0.095413 0.079193
24 0.602057 0.232637 0.118312 0.085872
1 0.543487 0.617301 0.286367 0.391079
1 0.274476 0.620772 0.354054 0.461659