26 0.354858 0.373721 0.076904 0.054079
26 0.374874 0.459404 0.079713 0.054079
26 0.623496 0.423586 0.086034 0.068125
26 0.540622 0.349491 0.083225 0.050567
26 0.535706 0.288740 0.076904 0.052674
26 0.270931 0.289092 0.070232 0.040735
26 0.443351 0.535957 0.087088 0.061102
26 0.628061 0.529987 0.105348 0.056186
26 0.428953 0.381096 0.086034 0.063209
26 0.455992 0.217455 0.060048 0.057590
26 0.342568 0.502246 0.078660 0.075148
26 0.343972 0.590387 0.092706 0.074446
26 0.443702 0.296817 0.084278 0.047758
26 0.406830 0.326666 0.081469 0.052674
26 0.322552 0.239227 0.055132 0.046353
26 0.477765 0.409593 0.232960 0.214855