21 0.355896 0.529497 0.206334 0.146086
21 0.624610 0.612137 0.194604 0.138622
21 0.378822 0.377013 0.109298 0.105566
21 0.264725 0.385543 0.132224 0.111964
21 0.468927 0.686780 0.139155 0.117296
21 0.354297 0.871787 0.194604 0.148219
21 0.591021 0.951228 0.164747 0.087439
21 0.707250 0.724101 0.143421 0.119428
21 0.585689 0.728366 0.167946 0.130092
21 0.343633 0.680915 0.147686 0.116229
21 0.518511 0.437260 0.130625 0.108765
24 0.694294 0.398240 0.310540 0.243796
24 0.620756 0.608463 0.322929 0.205428