17 0.407455 0.620756 0.160919 0.109215
17 0.183795 0.698020 0.212041 0.115025
17 0.312182 0.812464 0.134777 0.137100
17 0.500985 0.778770 0.187641 0.137100
17 0.656675 0.857777 0.176604 0.118510
17 0.628209 0.592290 0.137681 0.108054
17 0.179148 0.326223 0.119091 0.105730
17 0.344714 0.382574 0.122577 0.099921
17 0.516089 0.370374 0.127224 0.112701
17 0.430692 0.421496 0.108635 0.105730
17 0.394093 0.275101 0.109796 0.103406
17 0.209937 0.519093 0.159757 0.117349
17 0.243050 0.614947 0.182994 0.104568
17 0.334838 0.546978 0.136519 0.082493
17 0.563145 0.490046 0.128386 0.082493
10 0.410329 0.232515 0.177864 0.391931
10 0.529168 0.222678 0.304573 0.321493