21 0.373299 0.432086 0.106457 0.061839
21 0.477408 0.373770 0.104500 0.073581
21 0.461361 0.548328 0.128375 0.097064
21 0.626135 0.580813 0.107631 0.080626
21 0.495803 0.236001 0.103326 0.065753
21 0.354512 0.527584 0.104500 0.082191
21 0.409698 0.610558 0.089628 0.063405
21 0.498934 0.610558 0.105283 0.080626
21 0.626917 0.639521 0.108414 0.080626
21 0.613219 0.371813 0.112719 0.080626
21 0.550597 0.274749 0.089628 0.068101
1 0.619283 0.436593 0.133885 0.071760
1 0.749513 0.457523 0.128570 0.095015
1 0.789380 0.388753 0.107307 0.069102
1 0.664797 0.347226 0.074418 0.055149
1 0.601343 0.317990 0.071760 0.044518
1 0.712969 0.539249 0.144516 0.110962
1 0.690046 0.282775 0.055813 0.049833
1 0.721607 0.213340 0.085049 0.059800