14 0.442076 0.449934 0.408672 0.384274
14 0.502636 0.456469 0.401701 0.361618
14 0.524421 0.510059 0.470540 0.367282
17 0.549172 0.427807 0.097534 0.080777
17 0.538000 0.543388 0.127181 0.064450
17 0.483862 0.603971 0.131907 0.065309
17 0.562491 0.658968 0.084644 0.092808
17 0.531126 0.738026 0.106557 0.091089
17 0.670337 0.707090 0.139641 0.087652
17 0.797948 0.762947 0.149953 0.104838
17 0.773887 0.628032 0.104409 0.077340
17 0.721897 0.487531 0.100971 0.073043
17 0.760138 0.369803 0.120306 0.079918
17 0.835759 0.686896 0.122455 0.079918