6 0.757463 0.782151 0.212664 0.334780
6 0.683500 0.718651 0.174863 0.211495
6 0.844195 0.702755 0.210458 0.183848
6 0.799269 0.592169 0.257457 0.091233
6 0.770586 0.686167 0.414696 0.269552
31 0.378056 0.380558 0.230076 0.162172
31 0.171946 0.454055 0.252445 0.157379
31 0.124413 0.161267 0.161772 0.100658
31 0.205499 0.226375 0.159775 0.109446
31 0.094455 0.314651 0.164169 0.123027
31 0.235057 0.321841 0.174554 0.124625
31 0.402022 0.236760 0.184141 0.139803
31 0.359283 0.503585 0.188535 0.150987