9 0.461585 0.243346 0.283145 0.174156
9 0.514956 0.404581 0.308425 0.186516
9 0.589675 0.608512 0.332583 0.219100
9 0.326755 0.679860 0.312920 0.229212
9 0.279564 0.493344 0.257864 0.182022
9 0.243609 0.341098 0.224718 0.185392
31 0.373940 0.375534 0.099576 0.079522
31 0.293726 0.455402 0.090241 0.063618
31 0.187581 0.531121 0.116172 0.086437
31 0.217315 0.429471 0.131039 0.080905
31 0.373940 0.576760 0.114443 0.087820
31 0.455883 0.421864 0.106837 0.083671
31 0.465218 0.348219 0.105108 0.078831
31 0.203485 0.354097 0.110640 0.075373
31 0.296146 0.375188 0.096810 0.080214
31 0.331067 0.283218 0.087475 0.052554
31 0.271598 0.317448 0.084709 0.060160
31 0.293380 0.506227 0.087475 0.064309