17 0.644030 0.359978 0.185065 0.137677
17 0.817124 0.461739 0.179578 0.163616
17 0.791185 0.652291 0.236944 0.169602
17 0.509845 0.574474 0.347185 0.235447
17 0.475426 0.401879 0.235447 0.173592
24 0.452539 0.327213 0.133634 0.106288
24 0.307554 0.428342 0.165108 0.114544
24 0.477305 0.607381 0.138794 0.134150
24 0.625387 0.680131 0.151177 0.114544
24 0.780691 0.617700 0.203805 0.138278
24 0.651701 0.558364 0.156852 0.110416
24 0.696073 0.469103 0.133634 0.103192
24 0.778627 0.369006 0.141890 0.103192
24 0.658924 0.321538 0.136214 0.099065
24 0.432933 0.188935 0.142921 0.102160
24 0.603200 0.160042 0.121251 0.079458
24 0.304974 0.334437 0.146017 0.093905
24 0.306006 0.541853 0.162012 0.139310
24 0.654280 0.230728 0.156852 0.092873
24 0.811133 0.238984 0.101645 0.105256