20 0.324493 0.443298 0.359729 0.648495
26 0.483164 0.620709 0.105208 0.073982
26 0.510547 0.737927 0.109051 0.073982
26 0.850671 0.688926 0.117698 0.093198
26 0.737296 0.587561 0.113855 0.069178
26 0.730571 0.504451 0.105208 0.072060
26 0.368348 0.504932 0.096080 0.055727
26 0.604225 0.842654 0.119140 0.083590
26 0.856916 0.834487 0.144120 0.076864
26 0.584529 0.630797 0.117698 0.086472
26 0.621519 0.406930 0.082149 0.078786
26 0.466350 0.796536 0.107610 0.102806
26 0.468271 0.917116 0.126826 0.101845
26 0.604705 0.515501 0.115296 0.065335
26 0.554263 0.556335 0.111453 0.072060
26 0.438967 0.436715 0.075423 0.063413