17 0.567939 0.576355 0.145647 0.122561
17 0.308965 0.644771 0.124240 0.093180
17 0.491967 0.726199 0.161177 0.096538
17 0.457969 0.817280 0.166633 0.124240
17 0.649786 0.771110 0.120883 0.130956
17 0.579272 0.672053 0.143128 0.090662
17 0.418095 0.512975 0.105353 0.088144
17 0.304348 0.484853 0.135573 0.072194
17 0.499103 0.432806 0.130956 0.073873
17 0.253560 0.789998 0.129697 0.099896
17 0.259856 0.872685 0.159918 0.082267
17 0.264893 0.569639 0.085205 0.062120
28 0.640143 0.460615 0.537014 0.540175