24 0.472103 0.590243 0.141969 0.103691
24 0.587422 0.752078 0.109990 0.109505
24 0.670278 0.605748 0.148753 0.115320
24 0.606804 0.519501 0.104660 0.092062
24 0.318989 0.482676 0.112412 0.080433
24 0.286525 0.544212 0.114835 0.073650
24 0.506989 0.927965 0.139547 0.108536
24 0.707587 0.832996 0.148753 0.100784
24 0.741505 0.731728 0.143423 0.094000
24 0.271505 0.712346 0.121134 0.088186
24 0.365989 0.598480 0.121619 0.081402
24 0.445453 0.685697 0.151175 0.124041
24 0.477917 0.510779 0.125495 0.076557
24 0.612134 0.414356 0.112412 0.075588
4 0.521541 0.323601 0.178488 0.338512
4 0.396907 0.345656 0.202594 0.401085