9 0.570098 0.462380 0.255680 0.135516
9 0.533572 0.611130 0.269443 0.157749
9 0.339298 0.543901 0.242975 0.165160
9 0.419760 0.422678 0.217566 0.145044
26 0.507401 0.404742 0.148526 0.128369
26 0.691466 0.439221 0.213771 0.135795
26 0.332883 0.331010 0.201040 0.171865
26 0.351979 0.492796 0.275833 0.172926
26 0.588029 0.697550 0.193614 0.158074
26 0.579542 0.556450 0.193614 0.128369
26 0.716397 0.272130 0.201040 0.158074
26 0.466556 0.255686 0.202101 0.129429
26 0.800208 0.551146 0.159665 0.153830