26 0.637856 0.175900 0.265524 0.158092
26 0.681964 0.309973 0.263341 0.151978
31 0.392496 0.451810 0.139611 0.107257
31 0.603463 0.487267 0.131190 0.107257
31 0.762132 0.473084 0.153794 0.116121
31 0.577314 0.717293 0.154680 0.124099
31 0.350834 0.627765 0.139168 0.118780
31 0.412883 0.703110 0.164431 0.109916
31 0.532550 0.868427 0.183046 0.151578
31 0.732880 0.878178 0.196342 0.144486
31 0.745290 0.567931 0.152464 0.110802
31 0.618532 0.581671 0.136065 0.106370
31 0.446567 0.571477 0.146702 0.100165
31 0.366346 0.907873 0.170192 0.106370
31 0.712050 0.737681 0.157339 0.125871