21 0.444634 0.322388 0.130190 0.108439
21 0.518398 0.201025 0.134603 0.120418
21 0.525018 0.359900 0.116004 0.092677
21 0.421938 0.455415 0.158876 0.133657
21 0.620217 0.326171 0.107178 0.089525
9 0.147060 0.451115 0.116071 0.172052
9 0.234884 0.379726 0.095528 0.177702
9 0.318599 0.294471 0.094500 0.164348
9 0.515817 0.293957 0.092960 0.149968
9 0.436724 0.362264 0.094500 0.149968
9 0.362254 0.443411 0.096555 0.163321
9 0.276485 0.521990 0.107340 0.161780
9 0.191229 0.598515 0.100663 0.147400
9 0.319626 0.663741 0.088337 0.173079