24 0.605929 0.680936 0.142831 0.102314
24 0.787639 0.696897 0.130962 0.116229
24 0.784365 0.815172 0.185393 0.130144
24 0.639898 0.769335 0.132190 0.099040
24 0.623937 0.443567 0.083079 0.056477
24 0.874402 0.438247 0.083898 0.062207
24 0.868672 0.618319 0.117866 0.091673
24 0.739347 0.635099 0.123186 0.084307
24 0.502797 0.736185 0.126460 0.078577
9 0.622739 0.613505 0.073527 0.108989
9 0.678372 0.568282 0.060513 0.112568
9 0.731403 0.514276 0.059863 0.104109
9 0.856333 0.513951 0.058887 0.094999
9 0.806231 0.557221 0.059863 0.094999
9 0.759057 0.608625 0.061164 0.103458
9 0.704725 0.658402 0.067996 0.102482
9 0.650718 0.706877 0.063767 0.093373
9 0.732053 0.748195 0.055958 0.109640