26 0.444145 0.765417 0.128256 0.104478
31 0.420525 0.500916 0.149460 0.119360
31 0.300127 0.620795 0.135448 0.095488
31 0.140806 0.734447 0.174370 0.129740
31 0.185437 0.581873 0.196685 0.121436
31 0.420525 0.802949 0.171775 0.131815
31 0.543518 0.570456 0.160358 0.125588
31 0.557530 0.459918 0.157763 0.118322
31 0.164679 0.468740 0.166067 0.113133
31 0.303759 0.500397 0.145308 0.120398
31 0.356174 0.362354 0.131296 0.078882
31 0.266913 0.413731 0.127145 0.090299
31 0.299608 0.697082 0.131296 0.096526