26 0.610465 0.440299 0.192114 0.126833
26 0.492336 0.525476 0.233770 0.170354
26 0.205097 0.531693 0.210766 0.142998
26 0.472441 0.702668 0.310243 0.179058
26 0.410889 0.843179 0.276670 0.186519
26 0.413998 0.368800 0.197088 0.138024
26 0.298356 0.431594 0.233770 0.114398
26 0.554509 0.207150 0.146106 0.133050
26 0.442598 0.253780 0.154189 0.124346
26 0.762167 0.432216 0.157298 0.147972
9 0.498602 0.262480 0.160383 0.120436
9 0.475350 0.363241 0.159190 0.133553
9 0.641695 0.376357 0.163960 0.126398
9 0.625597 0.487254 0.166941 0.133553
9 0.610691 0.617826 0.178269 0.141900
9 0.399034 0.748397 0.184231 0.152632
9 0.586843 0.765688 0.197348 0.168133
9 0.774651 0.776420 0.190790 0.158594
9 0.785383 0.626173 0.181250 0.156209
9 0.784191 0.502756 0.171711 0.109704
9 0.802077 0.390070 0.176481 0.118051
9 0.797308 0.280366 0.147862 0.108512
9 0.650638 0.261883 0.162171 0.116859
9 0.322718 0.350720 0.178269 0.122821
9 0.353125 0.241016 0.162171 0.127591