22 0.301108 0.717246 0.379497 0.251816
22 0.226627 0.356369 0.207039 0.086894
22 0.286478 0.541684 0.040344 0.030147
22 0.356082 0.727443 0.063841 0.052314
22 0.204903 0.728773 0.080244 0.053201
22 0.220864 0.615278 0.058077 0.042560
22 0.524993 0.756259 0.054531 0.051427
26 0.670662 0.215009 0.125177 0.108188
26 0.825791 0.244068 0.180165 0.114447
26 0.523579 0.152868 0.169436 0.144847
26 0.539673 0.289221 0.232471 0.145741
26 0.738615 0.461786 0.163177 0.133224
26 0.731462 0.342868 0.163177 0.108188
26 0.846803 0.103244 0.169436 0.133224
26 0.636238 0.089385 0.170330 0.109083
26 0.917438 0.338398 0.134565 0.129647