24 0.748640 0.531666 0.094110 0.066727
24 0.884612 0.564085 0.095684 0.068615
24 0.767525 0.597449 0.111736 0.081205
24 0.727867 0.671730 0.108274 0.081205
24 0.707723 0.416783 0.069559 0.056025
24 0.639737 0.405452 0.073022 0.059802
24 0.889962 0.477215 0.062950 0.062320
24 0.741086 0.459274 0.065468 0.046583
24 0.679710 0.579193 0.079002 0.054766
24 0.675933 0.520650 0.073022 0.050989
24 0.874540 0.692818 0.107329 0.074281
24 0.894684 0.425281 0.068930 0.049101
14 0.444038 0.488711 0.124133 0.154554
14 0.406623 0.712849 0.392679 0.057346