17 0.395100 0.446449 0.080611 0.066762
17 0.385867 0.541975 0.105114 0.053267
17 0.341122 0.592046 0.109020 0.053977
17 0.406108 0.637501 0.069958 0.076705
17 0.380185 0.702842 0.088069 0.075284
17 0.495242 0.677274 0.115412 0.072443
17 0.600712 0.723439 0.123935 0.086648
17 0.580825 0.611933 0.086293 0.063921
17 0.537856 0.495810 0.083452 0.060370
17 0.569461 0.398509 0.099432 0.066051
17 0.631962 0.660584 0.101208 0.066051
32 0.328686 0.565017 0.215407 0.282317
32 0.511286 0.518395 0.161016 0.237423