24 0.667312 0.607429 0.307574 0.203822
24 0.313693 0.538056 0.252322 0.195227
24 0.443844 0.398082 0.237587 0.151025
24 0.459192 0.237234 0.271967 0.185404
24 0.801146 0.382734 0.206278 0.147341
24 0.461648 0.651631 0.194613 0.152252
24 0.244934 0.681099 0.179879 0.149797
21 0.476516 0.519191 0.113448 0.071792
21 0.366612 0.804584 0.097052 0.078882
21 0.338250 0.537360 0.094393 0.077996
21 0.477402 0.570597 0.102813 0.075337
21 0.608577 0.469114 0.095722 0.069133
21 0.412701 0.434547 0.108574 0.070905