21 0.262209 0.267706 0.090826 0.072792
21 0.329754 0.304102 0.106564 0.068201
21 0.253028 0.423782 0.128533 0.089842
21 0.412383 0.428700 0.105909 0.082628
21 0.292375 0.172290 0.102302 0.066890
21 0.161218 0.182127 0.091809 0.076071
21 0.163514 0.430995 0.092793 0.068857
21 0.457632 0.228359 0.095416 0.066234
21 0.220895 0.156223 0.097056 0.064922
21 0.319590 0.462801 0.124926 0.083940
35 0.376055 0.502183 0.249883 0.354001
35 0.632062 0.320895 0.169651 0.378499
35 0.715357 0.554854 0.189250 0.373600
35 0.197217 0.668159 0.153727 0.350326