10 0.466179 0.510483 0.244099 0.379710
10 0.768105 0.431675 0.358217 0.142263
10 0.577226 0.176318 0.507645 0.262010
31 0.338277 0.214706 0.174280 0.112951
31 0.215177 0.270741 0.184870 0.135012
31 0.209883 0.156025 0.185752 0.117364
31 0.559326 0.230149 0.176487 0.129718
31 0.530647 0.400900 0.208254 0.158838
31 0.305627 0.374427 0.208254 0.141189
31 0.176350 0.471053 0.187076 0.157955
31 0.293273 0.075723 0.143395 0.112069
31 0.407106 0.129110 0.153984 0.128835
31 0.555355 0.114550 0.153984 0.126188