9 0.220826 0.469594 0.110963 0.164480
9 0.304784 0.401347 0.091323 0.169881
9 0.384815 0.319844 0.090341 0.157115
9 0.573353 0.319353 0.088868 0.143368
9 0.497741 0.384654 0.090341 0.143368
9 0.426548 0.462229 0.092305 0.156133
9 0.344554 0.537350 0.102616 0.154660
9 0.263050 0.610507 0.096233 0.140913
9 0.385797 0.672862 0.084449 0.165462
21 0.365287 0.505388 0.080893 0.069615
21 0.433347 0.513166 0.081671 0.067282
21 0.511518 0.505777 0.098394 0.083616
21 0.522018 0.571503 0.101895 0.073893
21 0.524741 0.635673 0.109673 0.076227
21 0.531741 0.699844 0.103839 0.080505
21 0.474182 0.767903 0.108506 0.072337
21 0.371899 0.756625 0.105006 0.088672