22 0.633586 0.286072 0.345022 0.162792
22 0.651809 0.279998 0.079574 0.041305
31 0.590774 0.523577 0.153026 0.107401
31 0.463992 0.452515 0.124763 0.081560
31 0.417559 0.521155 0.129204 0.084790
31 0.447841 0.693965 0.155045 0.118706
31 0.595215 0.662472 0.131223 0.112246
31 0.578661 0.388720 0.098114 0.071870
31 0.478931 0.342287 0.088424 0.054912
31 0.426846 0.372570 0.104575 0.068640
31 0.285529 0.486027 0.098114 0.072677
31 0.385258 0.589794 0.124763 0.078330
31 0.505983 0.594640 0.137683 0.092866