9 0.432285 0.533046 0.116746 0.122231
9 0.502410 0.460961 0.086972 0.114787
9 0.586640 0.520509 0.112045 0.117529
9 0.521607 0.591418 0.095982 0.168459
31 0.398201 0.431187 0.113612 0.143386
31 0.289682 0.434713 0.119096 0.156706
31 0.261475 0.337163 0.097549 0.146520
31 0.366076 0.329328 0.109694 0.138293
23 0.465976 0.265862 0.096374 0.117529
5 0.627383 0.344607 0.126932 0.157489
29 0.537277 0.405722 0.226048 0.188439
31 0.451605 0.254039 0.130267 0.100918
31 0.476835 0.343630 0.131812 0.100918
31 0.386214 0.386366 0.145714 0.104008
31 0.402176 0.565032 0.163220 0.125633
31 0.536562 0.592837 0.166309 0.148288
31 0.684335 0.548556 0.170429 0.119454
31 0.709050 0.418289 0.148288 0.116365
31 0.827475 0.437855 0.122029 0.116365
31 0.561277 0.296260 0.138505 0.100918
31 0.722437 0.292141 0.162190 0.109157
31 0.710080 0.208729 0.131812 0.086501
31 0.512362 0.183499 0.140050 0.104008
31 0.832109 0.276179 0.113276 0.106067