0 0.533728 0.460372 0.560633 0.648196
22 0.174970 0.605586 0.049228 0.032306
22 0.253042 0.670966 0.047305 0.041536
22 0.148817 0.703272 0.054227 0.036921
22 0.395340 0.764422 0.053458 0.040767
22 0.302654 0.715194 0.056535 0.034613
22 0.265733 0.772498 0.074995 0.039997
22 0.176123 0.766345 0.059612 0.047689
22 0.285732 0.614431 0.049228 0.031536
22 0.361112 0.647891 0.046151 0.035382
22 0.365727 0.719425 0.055381 0.033844
22 0.422262 0.719809 0.049228 0.049997
22 0.381110 0.829802 0.053458 0.037690
22 0.231504 0.811727 0.065765 0.039997