26 0.458089 0.607013 0.072405 0.058326
26 0.527812 0.616399 0.076092 0.059667
26 0.473844 0.690480 0.075087 0.049611
26 0.706814 0.665340 0.070729 0.059667
26 0.634409 0.531926 0.067042 0.050281
26 0.637426 0.591258 0.087490 0.048270
26 0.380991 0.522540 0.066036 0.039555
26 0.560998 0.457510 0.054639 0.050281
26 0.434624 0.812161 0.075087 0.079780
26 0.532841 0.763221 0.076763 0.056986
26 0.607592 0.755176 0.068718 0.056986
26 0.362889 0.728694 0.073411 0.056315
26 0.385348 0.649585 0.068047 0.053633
26 0.372275 0.603661 0.072405 0.048941
26 0.514404 0.565782 0.072405 0.052293
26 0.544908 0.534273 0.074081 0.046929
26 0.431943 0.474606 0.057321 0.037543
17 0.324523 0.548543 0.364021 0.260535
17 0.486252 0.729513 0.357781 0.254295