9 0.439480 0.283808 0.206839 0.135555
9 0.339761 0.390149 0.198269 0.133218
9 0.547768 0.165782 0.199438 0.148799
20 0.197740 0.519444 0.136064 0.245708
20 0.322356 0.542341 0.129019 0.199913
20 0.461062 0.547185 0.129019 0.197271
20 0.585677 0.560835 0.121533 0.192868
20 0.137855 0.721558 0.089388 0.100397
20 0.211831 0.723760 0.079701 0.099516
20 0.287569 0.728604 0.064730 0.100397
20 0.358023 0.733447 0.066931 0.103039
20 0.443449 0.742254 0.077499 0.099516
20 0.546047 0.750180 0.107002 0.101278