21 0.220516 0.214794 0.178100 0.136358
21 0.580427 0.209228 0.103892 0.086267
21 0.434329 0.581198 0.138677 0.093688
21 0.252983 0.085857 0.090441 0.080702
21 0.167643 0.101626 0.102500 0.082557
21 0.528945 0.373414 0.137285 0.114095
21 0.330901 0.346978 0.129865 0.105747
21 0.224227 0.346514 0.128473 0.097398
21 0.499261 0.481480 0.137285 0.103892
21 0.382847 0.195778 0.134966 0.098326
5 0.453465 0.136874 0.488180 0.192313
5 0.453003 0.320404 0.486793 0.193238
5 0.454852 0.508557 0.490491 0.205257