31 0.185268 0.112437 0.105048 0.080704
31 0.344008 0.139116 0.098712 0.080704
31 0.463396 0.128444 0.115720 0.087374
31 0.324332 0.312196 0.116387 0.093376
31 0.153920 0.244831 0.104715 0.089375
31 0.200608 0.301524 0.123724 0.082705
31 0.290650 0.425915 0.137730 0.114053
31 0.441386 0.433252 0.147735 0.108717
31 0.450724 0.199811 0.114720 0.083372
31 0.355346 0.210149 0.102381 0.080037
31 0.225953 0.202478 0.110384 0.075368
31 0.165592 0.455595 0.128059 0.080037
31 0.425712 0.327536 0.118388 0.094710
14 0.602045 0.412629 0.323534 0.513376