24 0.570191 0.320926 0.085262 0.093629
24 0.562223 0.452006 0.096418 0.108769
24 0.678561 0.302200 0.058966 0.084465
24 0.670593 0.219727 0.060560 0.077293
24 0.748285 0.270725 0.068927 0.082871
24 0.809642 0.270725 0.068528 0.094824
24 0.729958 0.442045 0.076098 0.098808
24 0.895302 0.379095 0.075301 0.095621
24 0.676968 0.385868 0.082075 0.101996
28 0.247897 0.443744 0.471998 0.116735
28 0.242450 0.538299 0.446317 0.072376
28 0.231944 0.601725 0.435810 0.071597
28 0.229998 0.665540 0.431530 0.094944