9 0.605284 0.517819 0.330922 0.260318
26 0.740609 0.658105 0.063401 0.051371
26 0.758166 0.706225 0.078032 0.055272
26 0.936989 0.750768 0.078032 0.059824
26 0.612507 0.699722 0.062425 0.047469
26 0.706145 0.777104 0.076406 0.050070
26 0.672331 0.899353 0.074455 0.074780
26 0.780275 0.627868 0.077056 0.046819
26 0.865785 0.680539 0.086810 0.046819
26 0.765970 0.850258 0.072830 0.052021
26 0.935363 0.850584 0.089736 0.056573
26 0.861883 0.624942 0.068603 0.051371
26 0.665179 0.572270 0.051046 0.039666
26 0.619010 0.614538 0.068603 0.037065
26 0.690214 0.696796 0.068603 0.053322
26 0.836848 0.838879 0.070229 0.055272
26 0.791655 0.554388 0.056248 0.046819