24 0.284308 0.514836 0.124402 0.179046
24 0.241290 0.665397 0.132540 0.186603
24 0.373831 0.450309 0.122658 0.196485
24 0.463935 0.356717 0.111032 0.191835
13 0.365111 0.195111 0.093011 0.163350
13 0.275588 0.376482 0.103475 0.169163
24 0.197110 0.472981 0.103475 0.159281
24 0.158743 0.296260 0.065108 0.079640
24 0.194204 0.169533 0.056969 0.083710
24 0.268031 0.167789 0.054644 0.074409
24 0.109913 0.174765 0.058713 0.081966
24 0.122702 0.107332 0.040111 0.055806
24 0.091311 0.323582 0.058713 0.095917
24 0.113401 0.250336 0.068595 0.083710
26 0.155837 0.712483 0.081384 0.112194
26 0.175602 0.599708 0.085454 0.135447
26 0.122120 0.543901 0.078478 0.113357
26 0.102937 0.644469 0.072665 0.133122
33 0.552267 0.420426 0.551781 0.282412