31 0.547189 0.409498 0.094761 0.063174
31 0.608368 0.372924 0.086117 0.068494
31 0.649265 0.326374 0.077139 0.064504
31 0.780934 0.348984 0.090439 0.067164
31 0.673538 0.474335 0.085119 0.066499
31 0.583764 0.569429 0.096756 0.074479
31 0.763312 0.565107 0.106399 0.079134
31 0.668218 0.597026 0.111719 0.080464
31 0.565476 0.463695 0.078137 0.054529
31 0.506624 0.485640 0.093099 0.050539
31 0.509949 0.528532 0.100081 0.053864
31 0.679523 0.399856 0.077139 0.062509
31 0.549184 0.274172 0.071819 0.045220
31 0.732722 0.435766 0.094761 0.055859
31 0.774617 0.478325 0.097421 0.073149
31 0.785921 0.402183 0.091437 0.063174
31 0.429122 0.533668 0.299443 0.204267
31 0.260477 0.493594 0.196475 0.153061