17 0.562252 0.624867 0.139873 0.083645
17 0.271354 0.758699 0.127791 0.100374
17 0.468384 0.768458 0.144984 0.108738
17 0.652867 0.436667 0.100374 0.090151
17 0.529723 0.374398 0.089221 0.097586
17 0.460949 0.409250 0.115244 0.072492
17 0.539482 0.531929 0.131508 0.107809
17 0.691437 0.643455 0.142661 0.079927
17 0.312712 0.618826 0.101768 0.077139
17 0.289012 0.470125 0.126397 0.073422
17 0.708630 0.352092 0.102697 0.080857
17 0.486042 0.677378 0.141267 0.084574
17 0.639856 0.709906 0.113850 0.112456
17 0.584092 0.787975 0.101768 0.105021
32 0.383401 0.509378 0.417048 0.430690