26 0.551082 0.629211 0.100609 0.081046
26 0.647965 0.642253 0.105732 0.082909
26 0.572974 0.745191 0.104335 0.068936
26 0.896692 0.710257 0.098280 0.082909
26 0.796083 0.524876 0.093156 0.069867
26 0.800275 0.607319 0.121569 0.067073
26 0.443952 0.511834 0.091759 0.054962
26 0.694077 0.421472 0.075922 0.069867
26 0.518478 0.914269 0.104335 0.110856
26 0.654952 0.846265 0.106664 0.079183
26 0.758821 0.835087 0.095485 0.079183
26 0.418800 0.798290 0.102006 0.078251
26 0.450008 0.688365 0.094554 0.074525
26 0.431842 0.624553 0.100609 0.068004
26 0.629334 0.571920 0.100609 0.072662
26 0.671720 0.528136 0.102938 0.065209
26 0.514751 0.445227 0.079649 0.052168
14 0.469672 0.579495 0.163475 0.241571
14 0.372558 0.576258 0.129890 0.192609