24 0.456812 0.320723 0.154057 0.111691
24 0.384116 0.131041 0.127097 0.090508
24 0.687416 0.367422 0.155501 0.116505
24 0.416853 0.553734 0.169463 0.129023
24 0.342713 0.398715 0.130948 0.096286
24 0.485216 0.426156 0.171870 0.120357
24 0.703784 0.129115 0.132393 0.092434
24 0.676824 0.580213 0.160315 0.112654
24 0.512176 0.131041 0.125653 0.102063
31 0.613708 0.385900 0.170684 0.142505
31 0.452282 0.482111 0.156594 0.120767
31 0.631823 0.625421 0.196447 0.161023
31 0.445036 0.620590 0.187994 0.156192
31 0.745343 0.415287 0.139687 0.115936
31 0.623771 0.280430 0.126805 0.073265
31 0.632628 0.480501 0.133246 0.085342