21 0.372593 0.549601 0.166865 0.114103
21 0.340421 0.405042 0.150994 0.108098
21 0.704607 0.590353 0.129117 0.109813
21 0.699031 0.680863 0.140698 0.105524
21 0.475972 0.275497 0.133835 0.102950
21 0.455811 0.329546 0.162575 0.096087
26 0.259136 0.453359 0.180113 0.139735
26 0.435166 0.490107 0.208241 0.137013
26 0.414750 0.357632 0.147447 0.129754
26 0.219666 0.299560 0.132929 0.091644
26 0.255961 0.651165 0.159697 0.123402
26 0.609381 0.678386 0.152438 0.132476
26 0.382085 0.605797 0.132929 0.137920
26 0.549041 0.428860 0.099357 0.097996
26 0.515468 0.305912 0.165595 0.093459