24 0.207842 0.259255 0.136487 0.098963
24 0.336495 0.133489 0.149682 0.103087
24 0.206193 0.140086 0.135250 0.103087
24 0.262272 0.447698 0.146383 0.108035
24 0.425974 0.454707 0.172774 0.145146
24 0.348865 0.340487 0.155043 0.119581
24 0.502259 0.284408 0.153806 0.111334
26 0.417054 0.264338 0.148667 0.128490
26 0.601294 0.298850 0.213974 0.135924
26 0.242371 0.190536 0.201231 0.172028
26 0.261485 0.352476 0.276095 0.173090
26 0.497759 0.557423 0.193797 0.158224
26 0.489263 0.416190 0.193797 0.128490
26 0.626249 0.131600 0.201231 0.158224
26 0.376171 0.115140 0.202293 0.129552
26 0.710139 0.410881 0.159817 0.153976