22 0.475323 0.094898 0.035594 0.027446
22 0.558519 0.099187 0.042456 0.030877
22 0.449592 0.124488 0.036452 0.033450
22 0.422575 0.037433 0.033021 0.027446
21 0.463626 0.525673 0.104928 0.060951
21 0.566240 0.468194 0.103000 0.072524
21 0.550424 0.640246 0.126531 0.095670
21 0.712831 0.672265 0.106086 0.079468
21 0.584371 0.332404 0.101842 0.064809
21 0.445109 0.619800 0.103000 0.081011
21 0.499502 0.701583 0.088341 0.062494
21 0.587457 0.701583 0.103771 0.079468
21 0.713603 0.730130 0.106857 0.079468
21 0.700101 0.466265 0.111101 0.079468
21 0.638378 0.370595 0.088341 0.067123