22 0.649113 0.289481 0.247813 0.117588
22 0.601309 0.294975 0.070333 0.038463
31 0.631044 0.367349 0.144917 0.115733
31 0.514305 0.483585 0.131331 0.092586
31 0.359827 0.593783 0.169070 0.125796
31 0.403101 0.445846 0.190707 0.117745
31 0.631044 0.660203 0.166554 0.127809
31 0.750299 0.434776 0.155484 0.121771
31 0.763885 0.327597 0.152968 0.114726
31 0.382973 0.336152 0.161019 0.109694
31 0.517827 0.366846 0.140892 0.116739
31 0.568649 0.232998 0.127306 0.076484
31 0.482101 0.282814 0.123280 0.087554
31 0.513801 0.557553 0.127306 0.093593