21 0.230985 0.753902 0.126408 0.086438
21 0.206613 0.644392 0.114385 0.081889
21 0.482501 0.784773 0.097812 0.083189
21 0.478276 0.853339 0.106586 0.079939
21 0.309299 0.546255 0.101386 0.077990
21 0.294026 0.587199 0.123158 0.072790
24 0.662137 0.478621 0.132418 0.101405
24 0.783725 0.644513 0.112727 0.110266
24 0.869378 0.497327 0.153585 0.101405
24 0.801938 0.404782 0.112727 0.087622
24 0.505106 0.359495 0.110266 0.081715
24 0.443573 0.597748 0.128480 0.087622
24 0.936325 0.629253 0.124542 0.097467
24 0.902851 0.733119 0.152108 0.106328
24 0.669520 0.397891 0.126018 0.079746
24 0.633093 0.573627 0.145709 0.129956
24 0.554332 0.487974 0.106328 0.080731
24 0.811291 0.288117 0.126018 0.088607
24 0.686257 0.819757 0.147186 0.092545