21 0.416303 0.703357 0.178327 0.136332
21 0.594021 0.724659 0.202672 0.161894
21 0.415695 0.532333 0.167372 0.113204
21 0.245888 0.371657 0.123551 0.088859
21 0.650624 0.579197 0.160677 0.114421
21 0.214849 0.811692 0.158851 0.138766
21 0.499076 0.311403 0.181979 0.119290
21 0.586109 0.432519 0.163720 0.113204
21 0.749221 0.519552 0.152765 0.109552
21 0.664013 0.818995 0.180153 0.138766
1 0.529682 0.628553 0.104945 0.134501
1 0.380617 0.548880 0.087811 0.108800
1 0.462431 0.433654 0.095950 0.140498
1 0.284239 0.436224 0.098092 0.114797
1 0.300087 0.775904 0.143925 0.148208
1 0.434160 0.832874 0.115226 0.130218
1 0.610211 0.589573 0.108372 0.118224
1 0.614066 0.459784 0.116511 0.100233