24 0.319452 0.380370 0.126551 0.096913
24 0.435653 0.538912 0.107733 0.105381
24 0.517512 0.398247 0.146781 0.096913
24 0.453060 0.309802 0.107733 0.083740
24 0.169378 0.266521 0.105381 0.078095
24 0.110571 0.494219 0.122788 0.083740
24 0.581493 0.524328 0.119024 0.093149
24 0.549503 0.623594 0.145370 0.101618
24 0.326508 0.303216 0.120436 0.076213
24 0.291695 0.471167 0.139254 0.124199
24 0.216423 0.389309 0.101618 0.077154
24 0.461999 0.198305 0.120436 0.084681
24 0.342504 0.706393 0.140665 0.088445
20 0.337742 0.439054 0.257243 0.414939