26 0.421368 0.461858 0.105869 0.085781
26 0.450686 0.542210 0.130301 0.092296
26 0.749291 0.616590 0.130301 0.099897
26 0.207458 0.531352 0.104241 0.079266
26 0.363818 0.660567 0.127586 0.083610
26 0.307355 0.864705 0.124329 0.124872
26 0.487604 0.411367 0.128672 0.078180
26 0.630392 0.499320 0.144960 0.078180
26 0.463716 0.782724 0.121614 0.086867
26 0.746577 0.783267 0.149846 0.094468
26 0.623877 0.406481 0.114556 0.085781
26 0.295411 0.318528 0.085238 0.066236
26 0.218316 0.389107 0.114556 0.061893
26 0.337215 0.526466 0.114556 0.089039
26 0.582072 0.763722 0.117271 0.092296
26 0.506606 0.288667 0.093925 0.078180
1 0.560948 0.494002 0.470378 0.228533
1 0.584799 0.692581 0.631238 0.348901