21 0.199231 0.389936 0.165745 0.117349
21 0.415086 0.456320 0.156323 0.111353
21 0.217647 0.267447 0.087798 0.084800
21 0.125995 0.274300 0.106214 0.089939
21 0.290027 0.516279 0.111782 0.094222
21 0.197946 0.664893 0.156323 0.119063
21 0.388104 0.728707 0.132339 0.070238
21 0.481469 0.546259 0.115208 0.095935
21 0.383821 0.549685 0.134909 0.104501
21 0.189381 0.511568 0.118634 0.093366
21 0.329857 0.315843 0.104929 0.087370
10 0.621551 0.416125 0.391589 0.126304
10 0.609343 0.541960 0.445586 0.159171