31 0.741542 0.206880 0.147144 0.107547
31 0.559690 0.212746 0.148611 0.107547
31 0.471208 0.273853 0.174520 0.114391
31 0.441388 0.181949 0.135412 0.098748
31 0.495161 0.098355 0.136878 0.099726
31 0.714167 0.112532 0.131501 0.100703
31 0.876465 0.080756 0.158877 0.109503
31 0.864244 0.184882 0.154966 0.108525
31 0.698523 0.491391 0.181364 0.142745
31 0.899930 0.479659 0.197985 0.146655
31 0.469252 0.430774 0.160343 0.107547
31 0.554801 0.347669 0.177453 0.101681
31 0.740565 0.344736 0.162787 0.121235
31 0.869621 0.349136 0.186252 0.118302
13 0.450470 0.582024 0.284091 0.505999
13 0.752240 0.524718 0.299942 0.435281