17 0.381928 0.644523 0.144392 0.127242
17 0.207108 0.195304 0.152137 0.078558
17 0.298391 0.152152 0.119497 0.113965
17 0.450528 0.222412 0.122263 0.106219
17 0.344308 0.449788 0.163755 0.100687
17 0.443889 0.548262 0.147711 0.133881
17 0.227025 0.625160 0.183118 0.123923
17 0.656328 0.346335 0.108985 0.073026
17 0.536831 0.278841 0.121156 0.092942
17 0.519128 0.118959 0.130008 0.096261
17 0.313881 0.345781 0.170947 0.129455
17 0.435591 0.385614 0.128348 0.089623
17 0.489807 0.463619 0.135540 0.097368
17 0.575004 0.532772 0.174266 0.082984
8 0.477207 0.607751 0.238704 0.400964